#testing dr
0.1 -0.49875621120892 -0.124921972457239 -0.0555256532050756
0.2 -0.495097567963927 -0.12468905275361 -0.0554793454489392
0.3 -0.489229454345055 -0.124304675580874 -0.0554010718182235
0.4 -0.48145600891813 -0.12377439192357 -0.0552941660417137
0.5 -0.472135954999579 -0.123105625554316 -0.0551593988138963
0.6 -0.461639941580722 -0.122307363500197 -0.0549931319259779
0.7 -0.450317472598714 -0.121389806080489 -0.0548024705669886
0.8 -0.438476324197765 -0.120364002062044 -0.0545784586304283
0.9 -0.426373339144903 -0.119241493555022 -0.0543323331867038
1 -0.414213562373096 -0.118033988600653 -0.0540729813132791
1.1 -0.40215444192715 -0.11675307485689 -0.0537732017695906
1.2 -0.390312454987036 -0.115409985119494 -0.0534708945840814
1.3 -0.378770382654244 -0.114015409972176 -0.0531269583313406
1.4 -0.367584210922717 -0.112579366972517 -0.0527746228878234
1.5 -0.35678917232533 -0.111111110377855 -0.0524254181531147
1.6 -0.346404775941923 -0.109619079124771 -0.0520294581875605
1.7 -0.336438855478064 -0.108110889133661 -0.0516448954091352
1.8 -0.326890749443641 -0.106593332771491 -0.0512442660094621
1.9 -0.317753754946922 -0.105072413562147 -0.0508290949823945
2 -0.309016994374948 -0.103553386632825 -0.0503997227587881
2.1 -0.300666818576554 -0.102040809405127 -0.0499549426571086
2.2 -0.292687850148536 -0.100538596603848 -0.0494910321753777
2.3 -0.28506375062323 -0.0990501008579909 -0.0490958215426036
2.4 -0.277777777777777 -0.097578098824425 -0.0486158099678679
2.5 -0.27081318457076 -0.0961249279073687 -0.0481021492986102
2.6 -0.264153499324973 -0.0946925742045243 -0.0477102634437858
2.7 -0.257782717390615 -0.093282474386447 -0.0471656291420769
2.8 -0.251685427227512 -0.0918960124095902 -0.0467771596958039
2.9 -0.245846888232531 -0.0905340431426648 -0.0463702957879749
3 -0.240253073352037 -0.08919719643345 -0.0458072026213431
3.1 -0.234890686262273 -0.0878861711677263 -0.0454153517659918
3.2 -0.229747160434328 -0.0866009057386244 -0.0447689410242351
3.3 -0.224810645538385 -0.0853421552285042 -0.0444059158690067
3.4 -0.220069985236477 -0.0841095878392473 -0.0440269520343802
3.5 -0.215514689357974 -0.0829024863915685 -0.0432711217744297
3.6 -0.211134902658216 -0.0817221683185406 -0.0429375942941757
3.7 -0.206921371756396 -0.0805674961237983 -0.042587962596297
3.8 -0.202865411418014 -0.0794381736933659 -0.0422264107619212
3.9 -0.198958870991895 -0.0783321559552997 -0.041307219029639
4 -0.195194101598697 -0.0772528206906314 -0.0410096456259133
4.1 -0.191563924400567 -0.076197539488412 -0.0406970557356233
4.2 -0.188061600281385 -0.0751658702850025 -0.0403728573365175
4.3 -0.184680801022889 -0.0741573428037778 -0.0400398740369685
4.4 -0.181415582044175 -0.0731664032202364 -0.0388211379935828
4.5 -0.178260356943104 -0.072203621933668 -0.0385747472900032
4.6 -0.175209873248655 -0.0712622845284941 -0.0383142088958676
4.7 -0.172259190147034 -0.0703419113080542 -0.0380422022322459
4.8 -0.169403657490291 -0.0694420125731553 -0.0377610110765076
4.9 -0.166638896284811 -0.0685620933354917 -0.0374725834316913
5 -0.163960780536564 -0.0677016570693729 -0.0371785817787469
5.1 -0.161365419959023 -0.0668439541323374 -0.0354377043094644
5.2 -0.158849146032391 -0.0660232653466521 -0.0352538011582361
5.3 -0.156408494704441 -0.0652202482279256 -0.0350576590738166
5.4 -0.154040194803198 -0.064434478666125 -0.0348511430500329
5.5 -0.151741154978448 -0.0636655316900713 -0.0346358868797381
5.6 -0.149508452056946 -0.0629129839804743 -0.0344133228953915
5.7 -0.147339320232723 -0.0621764158642708 -0.0341847076002448
5.8 -0.145231141030893 -0.0614554128872467 -0.0339511438027635
5.9 -0.143181425833052 -0.06067638838795 -0.0308757824547075
5.99999999999999 -0.141187840957989 -0.0599923921221363 -0.0307936069916446



#testing rmax
2 -0.0866033599676486 2.68419903093542 5.73573766236557
2 -0.0866033599676486 2.68419903093542 5.73573766236557
2 -0.0866033599676486 2.68419903093542 5.73573766236557
3 -0.388075124628417 1.01338975967794 2.99488691647681
3 -0.388075124628417 1.01338975967794 2.99488691647681
3 -0.388075124628417 1.01338975967794 2.99488691647681
3 -0.388075124628417 1.01338975967794 2.99488691647681
3 -0.388075124628417 1.01338975967794 2.99488691647681
4 -0.452350092954856 0.402896767248198 1.6517591990927
4 -0.452350092954856 0.402896767248198 1.6517591990927
4 -0.452350092954856 0.402896767248198 1.6517591990927
4 -0.452350092954856 0.402896767248198 1.6517591990927
4 -0.452350092954856 0.402896767248198 1.6517591990927
4 -0.452350092954856 0.402896767248198 1.6517591990927
4 -0.452350092954856 0.402896767248198 1.6517591990927
5 -0.467582237398361 0.140716075602679 0.972251767498106
5 -0.467582237398361 0.140716075602679 0.972251767498106
5 -0.467582237398361 0.140716075602679 0.972251767498106
5 -0.467582237398361 0.140716075602679 0.972251767498106
5 -0.467582237398361 0.140716075602679 0.972251767498106
5 -0.467582237398361 0.140716075602679 0.972251767498106
5 -0.467582237398361 0.140716075602679 0.972251767498106
5 -0.467582237398361 0.140716075602679 0.972251767498106
5 -0.467582237398361 0.140716075602679 0.972251767498106
6 -0.471144476218211 0.0157764965399132 0.598456927805784
6 -0.471144476218211 0.0157764965399132 0.598456927805784
6 -0.471144476218211 0.0157764965399132 0.598456927805784
6 -0.471144476218211 0.0157764965399132 0.598456927805784
6 -0.471144476218211 0.0157764965399132 0.598456927805784
6 -0.471144476218211 0.0157764965399132 0.598456927805784
6 -0.471144476218211 0.0157764965399132 0.598456927805784
6 -0.471144476218211 0.0157764965399132 0.598456927805784
6 -0.471144476218211 0.0157764965399132 0.598456927805784
6 -0.471144476218211 0.0157764965399132 0.598456927805784
6 -0.471144476218211 0.0157764965399132 0.598456927805784
7 -0.471932143715335 -0.0477830039654714 0.377797827668391
7 -0.471932143715335 -0.0477830039654714 0.377797827668391
7 -0.471932143715335 -0.0477830039654714 0.377797827668391
7 -0.471932143715335 -0.0477830039654714 0.377797827668391
7 -0.471932143715335 -0.0477830039654714 0.377797827668391
7 -0.471932143715335 -0.0477830039654714 0.377797827668391
7 -0.471932143715335 -0.0477830039654714 0.377797827668391
7 -0.471932143715335 -0.0477830039654714 0.377797827668391
7 -0.471932143715335 -0.0477830039654714 0.377797827668391
7 -0.471932143715335 -0.0477830039654714 0.377797827668391
7 -0.471932143715335 -0.0477830039654714 0.377797827668391
7 -0.471932143715335 -0.0477830039654714 0.377797827668391
7 -0.471932143715335 -0.0477830039654714 0.377797827668391
8 -0.47209603405795 -0.0815469305114975 0.240236090571412
8 -0.47209603405795 -0.0815469305114975 0.240236090571412
8 -0.47209603405795 -0.0815469305114975 0.240236090571412
8 -0.47209603405795 -0.0815469305114975 0.240236090571412
8 -0.47209603405795 -0.0815469305114975 0.240236090571412
8 -0.47209603405795 -0.0815469305114975 0.240236090571412
8 -0.47209603405795 -0.0815469305114975 0.240236090571412
8 -0.47209603405795 -0.0815469305114975 0.240236090571412
8 -0.47209603405795 -0.0815469305114975 0.240236090571412
8 -0.47209603405795 -0.0815469305114975 0.240236090571412
8 -0.47209603405795 -0.0815469305114975 0.240236090571412
8 -0.47209603405795 -0.0815469305114975 0.240236090571412
8 -0.47209603405795 -0.0815469305114975 0.240236090571412
8 -0.47209603405795 -0.0815469305114975 0.240236090571412
8 -0.47209603405795 -0.0815469305114975 0.240236090571412
9 -0.472128426578276 -0.100009466614776 0.150805500131729
9 -0.472128426578276 -0.100009466614776 0.150805500131729
9 -0.472128426578276 -0.100009466614776 0.150805500131729
9 -0.472128426578276 -0.100009466614776 0.150805500131729
9 -0.472128426578276 -0.100009466614776 0.150805500131729
9 -0.472128426578276 -0.100009466614776 0.150805500131729
9 -0.472128426578276 -0.100009466614776 0.150805500131729
9 -0.472128426578276 -0.100009466614776 0.150805500131729
9 -0.472128426578276 -0.100009466614776 0.150805500131729
9 -0.472128426578276 -0.100009466614776 0.150805500131729
9 -0.472128426578276 -0.100009466614776 0.150805500131729
9 -0.472128426578276 -0.100009466614776 0.150805500131729
9 -0.472128426578276 -0.100009466614776 0.150805500131729
9 -0.472128426578276 -0.100009466614776 0.150805500131729
9 -0.472128426578276 -0.100009466614776 0.150805500131729
9 -0.472128426578276 -0.100009466614776 0.150805500131729
9 -0.472128426578276 -0.100009466614776 0.150805500131729
10 -0.472134576662476 -0.110282789102044 0.0907465049671671
10 -0.472134576662476 -0.110282789102044 0.0907465049671671
10 -0.472134576662476 -0.110282789102044 0.0907465049671671
10 -0.472134576662476 -0.110282789102044 0.0907465049671671
10 -0.472134576662476 -0.110282789102044 0.0907465049671671
10 -0.472134576662476 -0.110282789102044 0.0907465049671671
10 -0.472134576662476 -0.110282789102044 0.0907465049671671
10 -0.472134576662476 -0.110282789102044 0.0907465049671671
10 -0.472134576662476 -0.110282789102044 0.0907465049671671
10 -0.472134576662476 -0.110282789102044 0.0907465049671671
10 -0.472134576662476 -0.110282789102044 0.0907465049671671
10 -0.472134576662476 -0.110282789102044 0.0907465049671671
10 -0.472134576662476 -0.110282789102044 0.0907465049671671
10 -0.472134576662476 -0.110282789102044 0.0907465049671671
10 -0.472134576662476 -0.110282789102044 0.0907465049671671
10 -0.472134576662476 -0.110282789102044 0.0907465049671671
10 -0.472134576662476 -0.110282789102044 0.0907465049671671
10 -0.472134576662476 -0.110282789102044 0.0907465049671671
10 -0.472134576662476 -0.110282789102044 0.0907465049671671
11 -0.472135708503208 -0.116041265699156 0.0493825091435685
11 -0.472135708503208 -0.116041265699156 0.0493825091435685
11 -0.472135708503208 -0.116041265699156 0.0493825091435685
11 -0.472135708503208 -0.116041265699156 0.0493825091435685
11 -0.472135708503208 -0.116041265699156 0.0493825091435685
11 -0.472135708503208 -0.116041265699156 0.0493825091435685
11 -0.472135708503208 -0.116041265699156 0.0493825091435685
11 -0.472135708503208 -0.116041265699156 0.0493825091435685
11 -0.472135708503208 -0.116041265699156 0.0493825091435685
11 -0.472135708503208 -0.116041265699156 0.0493825091435685
11 -0.472135708503208 -0.116041265699156 0.0493825091435685
11 -0.472135708503208 -0.116041265699156 0.0493825091435685
11 -0.472135708503208 -0.116041265699156 0.0493825091435685
11 -0.472135708503208 -0.116041265699156 0.0493825091435685
11 -0.472135708503208 -0.116041265699156 0.0493825091435685
11 -0.472135708503208 -0.116041265699156 0.0493825091435685
11 -0.472135708503208 -0.116041265699156 0.0493825091435685
11 -0.472135708503208 -0.116041265699156 0.0493825091435685
11 -0.472135708503208 -0.116041265699156 0.0493825091435685
11 -0.472135708503208 -0.116041265699156 0.0493825091435685
11 -0.472135708503208 -0.116041265699156 0.0493825091435685
12 -0.472135911748241 -0.119263881033626 0.0203348638172922
12 -0.472135911748241 -0.119263881033626 0.0203348638172922
12 -0.472135911748241 -0.119263881033626 0.0203348638172922
12 -0.472135911748241 -0.119263881033626 0.0203348638172922
12 -0.472135911748241 -0.119263881033626 0.0203348638172922
12 -0.472135911748241 -0.119263881033626 0.0203348638172922
12 -0.472135911748241 -0.119263881033626 0.0203348638172922
12 -0.472135911748241 -0.119263881033626 0.0203348638172922
12 -0.472135911748241 -0.119263881033626 0.0203348638172922
12 -0.472135911748241 -0.119263881033626 0.0203348638172922
12 -0.472135911748241 -0.119263881033626 0.0203348638172922
12 -0.472135911748241 -0.119263881033626 0.0203348638172922
12 -0.472135911748241 -0.119263881033626 0.0203348638172922
12 -0.472135911748241 -0.119263881033626 0.0203348638172922
12 -0.472135911748241 -0.119263881033626 0.0203348638172922
12 -0.472135911748241 -0.119263881033626 0.0203348638172922
12 -0.472135911748241 -0.119263881033626 0.0203348638172922
12 -0.472135911748241 -0.119263881033626 0.0203348638172922
12 -0.472135911748241 -0.119263881033626 0.0203348638172922
12 -0.472135911748241 -0.119263881033626 0.0203348638172922
12 -0.472135911748241 -0.119263881033626 0.0203348638172922
12 -0.472135911748241 -0.119263881033626 0.0203348638172922
12 -0.472135911748241 -0.119263881033626 0.0203348638172922
13 -0.472135947529035 -0.121051077142837 -0.000365941610568212
13 -0.472135947529035 -0.121051077142837 -0.000365941610568212
13 -0.472135947529035 -0.121051077142837 -0.000365941610568212
13 -0.472135947529035 -0.121051077142837 -0.000365941610568212
13 -0.472135947529035 -0.121051077142837 -0.000365941610568212
13 -0.472135947529035 -0.121051077142837 -0.000365941610568212
13 -0.472135947529035 -0.121051077142837 -0.000365941610568212
13 -0.472135947529035 -0.121051077142837 -0.000365941610568212
13 -0.472135947529035 -0.121051077142837 -0.000365941610568212
13 -0.472135947529035 -0.121051077142837 -0.000365941610568212
13 -0.472135947529035 -0.121051077142837 -0.000365941610568212
13 -0.472135947529035 -0.121051077142837 -0.000365941610568212
13 -0.472135947529035 -0.121051077142837 -0.000365941610568212
13 -0.472135947529035 -0.121051077142837 -0.000365941610568212
13 -0.472135947529035 -0.121051077142837 -0.000365941610568212
13 -0.472135947529035 -0.121051077142837 -0.000365941610568212
13 -0.472135947529035 -0.121051077142837 -0.000365941610568212
13 -0.472135947529035 -0.121051077142837 -0.000365941610568212
13 -0.472135947529035 -0.121051077142837 -0.000365941610568212
13 -0.472135947529035 -0.121051077142837 -0.000365941610568212
13 -0.472135947529035 -0.121051077142837 -0.000365941610568212
13 -0.472135947529035 -0.121051077142837 -0.000365941610568212
13 -0.472135947529035 -0.121051077142837 -0.000365941610568212
13 -0.472135947529035 -0.121051077142837 -0.000365941610568212
13 -0.472135947529035 -0.121051077142837 -0.000365941610568212
14 -0.472135953726211 -0.122027617379779 -0.0152784243136685
14 -0.472135953726211 -0.122027617379779 -0.0152784243136685
14 -0.472135953726211 -0.122027617379779 -0.0152784243136685
14 -0.472135953726211 -0.122027617379779 -0.0152784243136685
14 -0.472135953726211 -0.122027617379779 -0.0152784243136685
14 -0.472135953726211 -0.122027617379779 -0.0152784243136685
14 -0.472135953726211 -0.122027617379779 -0.0152784243136685
14 -0.472135953726211 -0.122027617379779 -0.0152784243136685
14 -0.472135953726211 -0.122027617379779 -0.0152784243136685
14 -0.472135953726211 -0.122027617379779 -0.0152784243136685
14 -0.472135953726211 -0.122027617379779 -0.0152784243136685
14 -0.472135953726211 -0.122027617379779 -0.0152784243136685
14 -0.472135953726211 -0.122027617379779 -0.0152784243136685
14 -0.472135953726211 -0.122027617379779 -0.0152784243136685
14 -0.472135953726211 -0.122027617379779 -0.0152784243136685
14 -0.472135953726211 -0.122027617379779 -0.0152784243136685
14 -0.472135953726211 -0.122027617379779 -0.0152784243136685
14 -0.472135953726211 -0.122027617379779 -0.0152784243136685
14 -0.472135953726211 -0.122027617379779 -0.0152784243136685
14 -0.472135953726211 -0.122027617379779 -0.0152784243136685
14 -0.472135953726211 -0.122027617379779 -0.0152784243136685
14 -0.472135953726211 -0.122027617379779 -0.0152784243136685
14 -0.472135953726211 -0.122027617379779 -0.0152784243136685
14 -0.472135953726211 -0.122027617379779 -0.0152784243136685
14 -0.472135953726211 -0.122027617379779 -0.0152784243136685
14 -0.472135953726211 -0.122027617379779 -0.0152784243136685
14 -0.472135953726211 -0.122027617379779 -0.0152784243136685
15 -0.47213595478497 -0.12255126435224 -0.0261028375890347
15 -0.47213595478497 -0.12255126435224 -0.0261028375890347
15 -0.47213595478497 -0.12255126435224 -0.0261028375890347
15 -0.47213595478497 -0.12255126435224 -0.0261028375890347
15 -0.47213595478497 -0.12255126435224 -0.0261028375890347
15 -0.47213595478497 -0.12255126435224 -0.0261028375890347
15 -0.47213595478497 -0.12255126435224 -0.0261028375890347
15 -0.47213595478497 -0.12255126435224 -0.0261028375890347
15 -0.47213595478497 -0.12255126435224 -0.0261028375890347
15 -0.47213595478497 -0.12255126435224 -0.0261028375890347
15 -0.47213595478497 -0.12255126435224 -0.0261028375890347
15 -0.47213595478497 -0.12255126435224 -0.0261028375890347
15 -0.47213595478497 -0.12255126435224 -0.0261028375890347
15 -0.47213595478497 -0.12255126435224 -0.0261028375890347
15 -0.47213595478497 -0.12255126435224 -0.0261028375890347
15 -0.47213595478497 -0.12255126435224 -0.0261028375890347
15 -0.47213595478497 -0.12255126435224 -0.0261028375890347
15 -0.47213595478497 -0.12255126435224 -0.0261028375890347
15 -0.47213595478497 -0.12255126435224 -0.0261028375890347
15 -0.47213595478497 -0.12255126435224 -0.0261028375890347
15 -0.47213595478497 -0.12255126435224 -0.0261028375890347
15 -0.47213595478497 -0.12255126435224 -0.0261028375890347
15 -0.47213595478497 -0.12255126435224 -0.0261028375890347
15 -0.47213595478497 -0.12255126435224 -0.0261028375890347
15 -0.47213595478497 -0.12255126435224 -0.0261028375890347
15 -0.47213595478497 -0.12255126435224 -0.0261028375890347
15 -0.47213595478497 -0.12255126435224 -0.0261028375890347
15 -0.47213595478497 -0.12255126435224 -0.0261028375890347
15 -0.47213595478497 -0.12255126435224 -0.0261028375890347
16 -0.472135954963761 -0.122826216752222 -0.033999203264026
16 -0.472135954963761 -0.122826216752222 -0.033999203264026
16 -0.472135954963761 -0.122826216752222 -0.033999203264026
16 -0.472135954963761 -0.122826216752222 -0.033999203264026
16 -0.472135954963761 -0.122826216752222 -0.033999203264026
16 -0.472135954963761 -0.122826216752222 -0.033999203264026
16 -0.472135954963761 -0.122826216752222 -0.033999203264026
16 -0.472135954963761 -0.122826216752222 -0.033999203264026
16 -0.472135954963761 -0.122826216752222 -0.033999203264026
16 -0.472135954963761 -0.122826216752222 -0.033999203264026
16 -0.472135954963761 -0.122826216752222 -0.033999203264026
16 -0.472135954963761 -0.122826216752222 -0.033999203264026
16 -0.472135954963761 -0.122826216752222 -0.033999203264026
16 -0.472135954963761 -0.122826216752222 -0.033999203264026
16 -0.472135954963761 -0.122826216752222 -0.033999203264026
16 -0.472135954963761 -0.122826216752222 -0.033999203264026
16 -0.472135954963761 -0.122826216752222 -0.033999203264026
16 -0.472135954963761 -0.122826216752222 -0.033999203264026
16 -0.472135954963761 -0.122826216752222 -0.033999203264026
16 -0.472135954963761 -0.122826216752222 -0.033999203264026
16 -0.472135954963761 -0.122826216752222 -0.033999203264026
16 -0.472135954963761 -0.122826216752222 -0.033999203264026
16 -0.472135954963761 -0.122826216752222 -0.033999203264026
16 -0.472135954963761 -0.122826216752222 -0.033999203264026
16 -0.472135954963761 -0.122826216752222 -0.033999203264026
16 -0.472135954963761 -0.122826216752222 -0.033999203264026
16 -0.472135954963761 -0.122826216752222 -0.033999203264026
16 -0.472135954963761 -0.122826216752222 -0.033999203264026
16 -0.472135954963761 -0.122826216752222 -0.033999203264026
16 -0.472135954963761 -0.122826216752222 -0.033999203264026
16 -0.472135954963761 -0.122826216752222 -0.033999203264026
17 -0.472135954993652 -0.122967486971651 -0.0397764708728264
17 -0.472135954993652 -0.122967486971651 -0.0397764708728264
17 -0.472135954993652 -0.122967486971651 -0.0397764708728264
17 -0.472135954993652 -0.122967486971651 -0.0397764708728264
17 -0.472135954993652 -0.122967486971651 -0.0397764708728264
17 -0.472135954993652 -0.122967486971651 -0.0397764708728264
17 -0.472135954993652 -0.122967486971651 -0.0397764708728264
17 -0.472135954993652 -0.122967486971651 -0.0397764708728264
17 -0.472135954993652 -0.122967486971651 -0.0397764708728264
17 -0.472135954993652 -0.122967486971651 -0.0397764708728264
17 -0.472135954993652 -0.122967486971651 -0.0397764708728264
17 -0.472135954993652 -0.122967486971651 -0.0397764708728264
17 -0.472135954993652 -0.122967486971651 -0.0397764708728264
17 -0.472135954993652 -0.122967486971651 -0.0397764708728264
17 -0.472135954993652 -0.122967486971651 -0.0397764708728264
17 -0.472135954993652 -0.122967486971651 -0.0397764708728264
17 -0.472135954993652 -0.122967486971651 -0.0397764708728264
17 -0.472135954993652 -0.122967486971651 -0.0397764708728264
17 -0.472135954993652 -0.122967486971651 -0.0397764708728264
17 -0.472135954993652 -0.122967486971651 -0.0397764708728264
17 -0.472135954993652 -0.122967486971651 -0.0397764708728264
17 -0.472135954993652 -0.122967486971651 -0.0397764708728264
17 -0.472135954993652 -0.122967486971651 -0.0397764708728264
17 -0.472135954993652 -0.122967486971651 -0.0397764708728264
17 -0.472135954993652 -0.122967486971651 -0.0397764708728264
17 -0.472135954993652 -0.122967486971651 -0.0397764708728264
17 -0.472135954993652 -0.122967486971651 -0.0397764708728264
17 -0.472135954993652 -0.122967486971651 -0.0397764708728264
17 -0.472135954993652 -0.122967486971651 -0.0397764708728264
17 -0.472135954993652 -0.122967486971651 -0.0397764708728264
17 -0.472135954993652 -0.122967486971651 -0.0397764708728264
17 -0.472135954993652 -0.122967486971651 -0.0397764708728264
17 -0.472135954993652 -0.122967486971651 -0.0397764708728264
18 -0.472135954998606 -0.123038547527307 -0.0440086499809626
18 -0.472135954998606 -0.123038547527307 -0.0440086499809626
18 -0.472135954998606 -0.123038547527307 -0.0440086499809626
18 -0.472135954998606 -0.123038547527307 -0.0440086499809626
18 -0.472135954998606 -0.123038547527307 -0.0440086499809626
18 -0.472135954998606 -0.123038547527307 -0.0440086499809626
18 -0.472135954998606 -0.123038547527307 -0.0440086499809626
18 -0.472135954998606 -0.123038547527307 -0.0440086499809626
18 -0.472135954998606 -0.123038547527307 -0.0440086499809626
18 -0.472135954998606 -0.123038547527307 -0.0440086499809626
18 -0.472135954998606 -0.123038547527307 -0.0440086499809626
18 -0.472135954998606 -0.123038547527307 -0.0440086499809626
18 -0.472135954998606 -0.123038547527307 -0.0440086499809626
18 -0.472135954998606 -0.123038547527307 -0.0440086499809626
18 -0.472135954998606 -0.123038547527307 -0.0440086499809626
18 -0.472135954998606 -0.123038547527307 -0.0440086499809626
18 -0.472135954998606 -0.123038547527307 -0.0440086499809626
18 -0.472135954998606 -0.123038547527307 -0.0440086499809626
18 -0.472135954998606 -0.123038547527307 -0.0440086499809626
18 -0.472135954998606 -0.123038547527307 -0.0440086499809626
18 -0.472135954998606 -0.123038547527307 -0.0440086499809626
18 -0.472135954998606 -0.123038547527307 -0.0440086499809626
18 -0.472135954998606 -0.123038547527307 -0.0440086499809626
18 -0.472135954998606 -0.123038547527307 -0.0440086499809626
18 -0.472135954998606 -0.123038547527307 -0.0440086499809626
18 -0.472135954998606 -0.123038547527307 -0.0440086499809626
18 -0.472135954998606 -0.123038547527307 -0.0440086499809626
18 -0.472135954998606 -0.123038547527307 -0.0440086499809626
18 -0.472135954998606 -0.123038547527307 -0.0440086499809626
18 -0.472135954998606 -0.123038547527307 -0.0440086499809626
18 -0.472135954998606 -0.123038547527307 -0.0440086499809626
18 -0.472135954998606 -0.123038547527307 -0.0440086499809626
18 -0.472135954998606 -0.123038547527307 -0.0440086499809626
18 -0.472135954998606 -0.123038547527307 -0.0440086499809626
18 -0.472135954998606 -0.123038547527307 -0.0440086499809626
19 -0.47213595499942 -0.12307358505522 -0.0471084642435804
19 -0.47213595499942 -0.12307358505522 -0.0471084642435804
19 -0.47213595499942 -0.12307358505522 -0.0471084642435804
19 -0.47213595499942 -0.12307358505522 -0.0471084642435804
19 -0.47213595499942 -0.12307358505522 -0.0471084642435804
19 -0.47213595499942 -0.12307358505522 -0.0471084642435804
19 -0.47213595499942 -0.12307358505522 -0.0471084642435804
19 -0.47213595499942 -0.12307358505522 -0.0471084642435804
19 -0.47213595499942 -0.12307358505522 -0.0471084642435804
19 -0.47213595499942 -0.12307358505522 -0.0471084642435804
19 -0.47213595499942 -0.12307358505522 -0.0471084642435804
19 -0.47213595499942 -0.12307358505522 -0.0471084642435804
19 -0.47213595499942 -0.12307358505522 -0.0471084642435804
19 -0.47213595499942 -0.12307358505522 -0.0471084642435804
19 -0.47213595499942 -0.12307358505522 -0.0471084642435804
19 -0.47213595499942 -0.12307358505522 -0.0471084642435804
19 -0.47213595499942 -0.12307358505522 -0.0471084642435804
19 -0.47213595499942 -0.12307358505522 -0.0471084642435804
19 -0.47213595499942 -0.12307358505522 -0.0471084642435804
19 -0.47213595499942 -0.12307358505522 -0.0471084642435804
19 -0.47213595499942 -0.12307358505522 -0.0471084642435804
19 -0.47213595499942 -0.12307358505522 -0.0471084642435804
19 -0.47213595499942 -0.12307358505522 -0.0471084642435804
19 -0.47213595499942 -0.12307358505522 -0.0471084642435804
19 -0.47213595499942 -0.12307358505522 -0.0471084642435804
19 -0.47213595499942 -0.12307358505522 -0.0471084642435804
19 -0.47213595499942 -0.12307358505522 -0.0471084642435804
19 -0.47213595499942 -0.12307358505522 -0.0471084642435804
19 -0.47213595499942 -0.12307358505522 -0.0471084642435804
19 -0.47213595499942 -0.12307358505522 -0.0471084642435804
19 -0.47213595499942 -0.12307358505522 -0.0471084642435804
19 -0.47213595499942 -0.12307358505522 -0.0471084642435804
19 -0.47213595499942 -0.12307358505522 -0.0471084642435804
19 -0.47213595499942 -0.12307358505522 -0.0471084642435804
19 -0.47213595499942 -0.12307358505522 -0.0471084642435804
19 -0.47213595499942 -0.12307358505522 -0.0471084642435804
19 -0.47213595499942 -0.12307358505522 -0.0471084642435804
20 -0.472135954999553 -0.123090547189646 -0.0493756113805986
20 -0.472135954999553 -0.123090547189646 -0.0493756113805986
20 -0.472135954999553 -0.123090547189646 -0.0493756113805986
20 -0.472135954999553 -0.123090547189646 -0.0493756113805986
20 -0.472135954999553 -0.123090547189646 -0.0493756113805986
20 -0.472135954999553 -0.123090547189646 -0.0493756113805986
20 -0.472135954999553 -0.123090547189646 -0.0493756113805986
20 -0.472135954999553 -0.123090547189646 -0.0493756113805986
20 -0.472135954999553 -0.123090547189646 -0.0493756113805986
20 -0.472135954999553 -0.123090547189646 -0.0493756113805986
20 -0.472135954999553 -0.123090547189646 -0.0493756113805986
20 -0.472135954999553 -0.123090547189646 -0.0493756113805986
20 -0.472135954999553 -0.123090547189646 -0.0493756113805986
20 -0.472135954999553 -0.123090547189646 -0.0493756113805986
20 -0.472135954999553 -0.123090547189646 -0.0493756113805986
20 -0.472135954999553 -0.123090547189646 -0.0493756113805986
20 -0.472135954999553 -0.123090547189646 -0.0493756113805986
20 -0.472135954999553 -0.123090547189646 -0.0493756113805986
20 -0.472135954999553 -0.123090547189646 -0.0493756113805986
20 -0.472135954999553 -0.123090547189646 -0.0493756113805986
20 -0.472135954999553 -0.123090547189646 -0.0493756113805986
20 -0.472135954999553 -0.123090547189646 -0.0493756113805986
20 -0.472135954999553 -0.123090547189646 -0.0493756113805986
20 -0.472135954999553 -0.123090547189646 -0.0493756113805986
20 -0.472135954999553 -0.123090547189646 -0.0493756113805986
20 -0.472135954999553 -0.123090547189646 -0.0493756113805986
20 -0.472135954999553 -0.123090547189646 -0.0493756113805986
20 -0.472135954999553 -0.123090547189646 -0.0493756113805986
20 -0.472135954999553 -0.123090547189646 -0.0493756113805986
20 -0.472135954999553 -0.123090547189646 -0.0493756113805986
20 -0.472135954999553 -0.123090547189646 -0.0493756113805986
20 -0.472135954999553 -0.123090547189646 -0.0493756113805986
20 -0.472135954999553 -0.123090547189646 -0.0493756113805986
20 -0.472135954999553 -0.123090547189646 -0.0493756113805986
20 -0.472135954999553 -0.123090547189646 -0.0493756113805986
20 -0.472135954999553 -0.123090547189646 -0.0493756113805986
20 -0.472135954999553 -0.123090547189646 -0.0493756113805986
20 -0.472135954999553 -0.123090547189646 -0.0493756113805986
20 -0.472135954999553 -0.123090547189646 -0.0493756113805986
21 -0.472135954999576 -0.123098623988352 -0.0510293348297961
21 -0.472135954999576 -0.123098623988352 -0.0510293348297961
21 -0.472135954999576 -0.123098623988352 -0.0510293348297961
21 -0.472135954999576 -0.123098623988352 -0.0510293348297961
21 -0.472135954999576 -0.123098623988352 -0.0510293348297961
21 -0.472135954999576 -0.123098623988352 -0.0510293348297961
21 -0.472135954999576 -0.123098623988352 -0.0510293348297961
21 -0.472135954999576 -0.123098623988352 -0.0510293348297961
21 -0.472135954999576 -0.123098623988352 -0.0510293348297961
21 -0.472135954999576 -0.123098623988352 -0.0510293348297961
21 -0.472135954999576 -0.123098623988352 -0.0510293348297961
21 -0.472135954999576 -0.123098623988352 -0.0510293348297961
21 -0.472135954999576 -0.123098623988352 -0.0510293348297961
21 -0.472135954999576 -0.123098623988352 -0.0510293348297961
21 -0.472135954999576 -0.123098623988352 -0.0510293348297961
21 -0.472135954999576 -0.123098623988352 -0.0510293348297961
21 -0.472135954999576 -0.123098623988352 -0.0510293348297961
21 -0.472135954999576 -0.123098623988352 -0.0510293348297961
21 -0.472135954999576 -0.123098623988352 -0.0510293348297961
21 -0.472135954999576 -0.123098623988352 -0.0510293348297961
21 -0.472135954999576 -0.123098623988352 -0.0510293348297961
21 -0.472135954999576 -0.123098623988352 -0.0510293348297961
21 -0.472135954999576 -0.123098623988352 -0.0510293348297961
21 -0.472135954999576 -0.123098623988352 -0.0510293348297961
21 -0.472135954999576 -0.123098623988352 -0.0510293348297961
21 -0.472135954999576 -0.123098623988352 -0.0510293348297961
21 -0.472135954999576 -0.123098623988352 -0.0510293348297961
21 -0.472135954999576 -0.123098623988352 -0.0510293348297961
21 -0.472135954999576 -0.123098623988352 -0.0510293348297961
21 -0.472135954999576 -0.123098623988352 -0.0510293348297961
21 -0.472135954999576 -0.123098623988352 -0.0510293348297961
21 -0.472135954999576 -0.123098623988352 -0.0510293348297961
21 -0.472135954999576 -0.123098623988352 -0.0510293348297961
21 -0.472135954999576 -0.123098623988352 -0.0510293348297961
21 -0.472135954999576 -0.123098623988352 -0.0510293348297961
21 -0.472135954999576 -0.123098623988352 -0.0510293348297961
21 -0.472135954999576 -0.123098623988352 -0.0510293348297961
21 -0.472135954999576 -0.123098623988352 -0.0510293348297961
21 -0.472135954999576 -0.123098623988352 -0.0510293348297961
21 -0.472135954999576 -0.123098623988352 -0.0510293348297961
21 -0.472135954999576 -0.123098623988352 -0.0510293348297961
22 -0.472135954999578 -0.123102413274668 -0.0522309371260205
22 -0.472135954999578 -0.123102413274668 -0.0522309371260205
22 -0.472135954999578 -0.123102413274668 -0.0522309371260205
22 -0.472135954999578 -0.123102413274668 -0.0522309371260205
22 -0.472135954999578 -0.123102413274668 -0.0522309371260205
22 -0.472135954999578 -0.123102413274668 -0.0522309371260205
22 -0.472135954999578 -0.123102413274668 -0.0522309371260205
22 -0.472135954999578 -0.123102413274668 -0.0522309371260205
22 -0.472135954999578 -0.123102413274668 -0.0522309371260205
22 -0.472135954999578 -0.123102413274668 -0.0522309371260205
22 -0.472135954999578 -0.123102413274668 -0.0522309371260205
22 -0.472135954999578 -0.123102413274668 -0.0522309371260205
22 -0.472135954999578 -0.123102413274668 -0.0522309371260205
22 -0.472135954999578 -0.123102413274668 -0.0522309371260205
22 -0.472135954999578 -0.123102413274668 -0.0522309371260205
22 -0.472135954999578 -0.123102413274668 -0.0522309371260205
22 -0.472135954999578 -0.123102413274668 -0.0522309371260205
22 -0.472135954999578 -0.123102413274668 -0.0522309371260205
22 -0.472135954999578 -0.123102413274668 -0.0522309371260205
22 -0.472135954999578 -0.123102413274668 -0.0522309371260205
22 -0.472135954999578 -0.123102413274668 -0.0522309371260205
22 -0.472135954999578 -0.123102413274668 -0.0522309371260205
22 -0.472135954999578 -0.123102413274668 -0.0522309371260205
22 -0.472135954999578 -0.123102413274668 -0.0522309371260205
22 -0.472135954999578 -0.123102413274668 -0.0522309371260205
22 -0.472135954999578 -0.123102413274668 -0.0522309371260205
22 -0.472135954999578 -0.123102413274668 -0.0522309371260205
22 -0.472135954999578 -0.123102413274668 -0.0522309371260205
22 -0.472135954999578 -0.123102413274668 -0.0522309371260205
22 -0.472135954999578 -0.123102413274668 -0.0522309371260205
22 -0.472135954999578 -0.123102413274668 -0.0522309371260205
22 -0.472135954999578 -0.123102413274668 -0.0522309371260205
22 -0.472135954999578 -0.123102413274668 -0.0522309371260205
22 -0.472135954999578 -0.123102413274668 -0.0522309371260205
22 -0.472135954999578 -0.123102413274668 -0.0522309371260205
22 -0.472135954999578 -0.123102413274668 -0.0522309371260205
22 -0.472135954999578 -0.123102413274668 -0.0522309371260205
22 -0.472135954999578 -0.123102413274668 -0.0522309371260205
22 -0.472135954999578 -0.123102413274668 -0.0522309371260205
22 -0.472135954999578 -0.123102413274668 -0.0522309371260205
22 -0.472135954999578 -0.123102413274668 -0.0522309371260205
22 -0.472135954999578 -0.123102413274668 -0.0522309371260205
22 -0.472135954999578 -0.123102413274668 -0.0522309371260205
23 -0.472135954999579 -0.123104167642427 -0.0530996122623088
23 -0.472135954999579 -0.123104167642427 -0.0530996122623088
23 -0.472135954999579 -0.123104167642427 -0.0530996122623088
23 -0.472135954999579 -0.123104167642427 -0.0530996122623088
23 -0.472135954999579 -0.123104167642427 -0.0530996122623088
23 -0.472135954999579 -0.123104167642427 -0.0530996122623088
23 -0.472135954999579 -0.123104167642427 -0.0530996122623088
23 -0.472135954999579 -0.123104167642427 -0.0530996122623088
23 -0.472135954999579 -0.123104167642427 -0.0530996122623088
23 -0.472135954999579 -0.123104167642427 -0.0530996122623088
23 -0.472135954999579 -0.123104167642427 -0.0530996122623088
23 -0.472135954999579 -0.123104167642427 -0.0530996122623088
23 -0.472135954999579 -0.123104167642427 -0.0530996122623088
23 -0.472135954999579 -0.123104167642427 -0.0530996122623088
23 -0.472135954999579 -0.123104167642427 -0.0530996122623088
23 -0.472135954999579 -0.123104167642427 -0.0530996122623088
23 -0.472135954999579 -0.123104167642427 -0.0530996122623088
23 -0.472135954999579 -0.123104167642427 -0.0530996122623088
23 -0.472135954999579 -0.123104167642427 -0.0530996122623088
23 -0.472135954999579 -0.123104167642427 -0.0530996122623088
23 -0.472135954999579 -0.123104167642427 -0.0530996122623088
23 -0.472135954999579 -0.123104167642427 -0.0530996122623088
23 -0.472135954999579 -0.123104167642427 -0.0530996122623088
23 -0.472135954999579 -0.123104167642427 -0.0530996122623088
23 -0.472135954999579 -0.123104167642427 -0.0530996122623088
23 -0.472135954999579 -0.123104167642427 -0.0530996122623088
23 -0.472135954999579 -0.123104167642427 -0.0530996122623088
23 -0.472135954999579 -0.123104167642427 -0.0530996122623088
23 -0.472135954999579 -0.123104167642427 -0.0530996122623088
23 -0.472135954999579 -0.123104167642427 -0.0530996122623088
23 -0.472135954999579 -0.123104167642427 -0.0530996122623088
23 -0.472135954999579 -0.123104167642427 -0.0530996122623088
23 -0.472135954999579 -0.123104167642427 -0.0530996122623088
23 -0.472135954999579 -0.123104167642427 -0.0530996122623088
23 -0.472135954999579 -0.123104167642427 -0.0530996122623088
23 -0.472135954999579 -0.123104167642427 -0.0530996122623088
23 -0.472135954999579 -0.123104167642427 -0.0530996122623088
23 -0.472135954999579 -0.123104167642427 -0.0530996122623088
23 -0.472135954999579 -0.123104167642427 -0.0530996122623088
23 -0.472135954999579 -0.123104167642427 -0.0530996122623088
23 -0.472135954999579 -0.123104167642427 -0.0530996122623088
23 -0.472135954999579 -0.123104167642427 -0.0530996122623088
23 -0.472135954999579 -0.123104167642427 -0.0530996122623088
23 -0.472135954999579 -0.123104167642427 -0.0530996122623088
23 -0.472135954999579 -0.123104167642427 -0.0530996122623088
24 -0.472135954999579 -0.123104970312523 -0.053723714303285
24 -0.472135954999579 -0.123104970312523 -0.053723714303285
24 -0.472135954999579 -0.123104970312523 -0.053723714303285
24 -0.472135954999579 -0.123104970312523 -0.053723714303285
24 -0.472135954999579 -0.123104970312523 -0.053723714303285
24 -0.472135954999579 -0.123104970312523 -0.053723714303285
24 -0.472135954999579 -0.123104970312523 -0.053723714303285
24 -0.472135954999579 -0.123104970312523 -0.053723714303285
24 -0.472135954999579 -0.123104970312523 -0.053723714303285
24 -0.472135954999579 -0.123104970312523 -0.053723714303285
24 -0.472135954999579 -0.123104970312523 -0.053723714303285
24 -0.472135954999579 -0.123104970312523 -0.053723714303285
24 -0.472135954999579 -0.123104970312523 -0.053723714303285
24 -0.472135954999579 -0.123104970312523 -0.053723714303285
24 -0.472135954999579 -0.123104970312523 -0.053723714303285
24 -0.472135954999579 -0.123104970312523 -0.053723714303285
24 -0.472135954999579 -0.123104970312523 -0.053723714303285
24 -0.472135954999579 -0.123104970312523 -0.053723714303285
24 -0.472135954999579 -0.123104970312523 -0.053723714303285
24 -0.472135954999579 -0.123104970312523 -0.053723714303285
24 -0.472135954999579 -0.123104970312523 -0.053723714303285
24 -0.472135954999579 -0.123104970312523 -0.053723714303285
24 -0.472135954999579 -0.123104970312523 -0.053723714303285
24 -0.472135954999579 -0.123104970312523 -0.053723714303285
24 -0.472135954999579 -0.123104970312523 -0.053723714303285
24 -0.472135954999579 -0.123104970312523 -0.053723714303285
24 -0.472135954999579 -0.123104970312523 -0.053723714303285
24 -0.472135954999579 -0.123104970312523 -0.053723714303285
24 -0.472135954999579 -0.123104970312523 -0.053723714303285
24 -0.472135954999579 -0.123104970312523 -0.053723714303285
24 -0.472135954999579 -0.123104970312523 -0.053723714303285
24 -0.472135954999579 -0.123104970312523 -0.053723714303285
24 -0.472135954999579 -0.123104970312523 -0.053723714303285
24 -0.472135954999579 -0.123104970312523 -0.053723714303285
24 -0.472135954999579 -0.123104970312523 -0.053723714303285
24 -0.472135954999579 -0.123104970312523 -0.053723714303285
24 -0.472135954999579 -0.123104970312523 -0.053723714303285
24 -0.472135954999579 -0.123104970312523 -0.053723714303285
24 -0.472135954999579 -0.123104970312523 -0.053723714303285
24 -0.472135954999579 -0.123104970312523 -0.053723714303285
24 -0.472135954999579 -0.123104970312523 -0.053723714303285
24 -0.472135954999579 -0.123104970312523 -0.053723714303285
24 -0.472135954999579 -0.123104970312523 -0.053723714303285
24 -0.472135954999579 -0.123104970312523 -0.053723714303285
24 -0.472135954999579 -0.123104970312523 -0.053723714303285
24 -0.472135954999579 -0.123104970312523 -0.053723714303285
24 -0.472135954999579 -0.123104970312523 -0.053723714303285
25 -0.472135954999579 -0.123105333672111 -0.0541688501804017
25 -0.472135954999579 -0.123105333672111 -0.0541688501804017
25 -0.472135954999579 -0.123105333672111 -0.0541688501804017
25 -0.472135954999579 -0.123105333672111 -0.0541688501804017
25 -0.472135954999579 -0.123105333672111 -0.0541688501804017
25 -0.472135954999579 -0.123105333672111 -0.0541688501804017
25 -0.472135954999579 -0.123105333672111 -0.0541688501804017
25 -0.472135954999579 -0.123105333672111 -0.0541688501804017
25 -0.472135954999579 -0.123105333672111 -0.0541688501804017
25 -0.472135954999579 -0.123105333672111 -0.0541688501804017
25 -0.472135954999579 -0.123105333672111 -0.0541688501804017
25 -0.472135954999579 -0.123105333672111 -0.0541688501804017
25 -0.472135954999579 -0.123105333672111 -0.0541688501804017
25 -0.472135954999579 -0.123105333672111 -0.0541688501804017
25 -0.472135954999579 -0.123105333672111 -0.0541688501804017
25 -0.472135954999579 -0.123105333672111 -0.0541688501804017
25 -0.472135954999579 -0.123105333672111 -0.0541688501804017
25 -0.472135954999579 -0.123105333672111 -0.0541688501804017
25 -0.472135954999579 -0.123105333672111 -0.0541688501804017
25 -0.472135954999579 -0.123105333672111 -0.0541688501804017
25 -0.472135954999579 -0.123105333672111 -0.0541688501804017
25 -0.472135954999579 -0.123105333672111 -0.0541688501804017
25 -0.472135954999579 -0.123105333672111 -0.0541688501804017
25 -0.472135954999579 -0.123105333672111 -0.0541688501804017
25 -0.472135954999579 -0.123105333672111 -0.0541688501804017
25 -0.472135954999579 -0.123105333672111 -0.0541688501804017
25 -0.472135954999579 -0.123105333672111 -0.0541688501804017
25 -0.472135954999579 -0.123105333672111 -0.0541688501804017
25 -0.472135954999579 -0.123105333672111 -0.0541688501804017
25 -0.472135954999579 -0.123105333672111 -0.0541688501804017
25 -0.472135954999579 -0.123105333672111 -0.0541688501804017
25 -0.472135954999579 -0.123105333672111 -0.0541688501804017
25 -0.472135954999579 -0.123105333672111 -0.0541688501804017
25 -0.472135954999579 -0.123105333672111 -0.0541688501804017
25 -0.472135954999579 -0.123105333672111 -0.0541688501804017
25 -0.472135954999579 -0.123105333672111 -0.0541688501804017
25 -0.472135954999579 -0.123105333672111 -0.0541688501804017
25 -0.472135954999579 -0.123105333672111 -0.0541688501804017
25 -0.472135954999579 -0.123105333672111 -0.0541688501804017
25 -0.472135954999579 -0.123105333672111 -0.0541688501804017
25 -0.472135954999579 -0.123105333672111 -0.0541688501804017
25 -0.472135954999579 -0.123105333672111 -0.0541688501804017
25 -0.472135954999579 -0.123105333672111 -0.0541688501804017
25 -0.472135954999579 -0.123105333672111 -0.0541688501804017
25 -0.472135954999579 -0.123105333672111 -0.0541688501804017
25 -0.472135954999579 -0.123105333672111 -0.0541688501804017
25 -0.472135954999579 -0.123105333672111 -0.0541688501804017
25 -0.472135954999579 -0.123105333672111 -0.0541688501804017
25 -0.472135954999579 -0.123105333672111 -0.0541688501804017
26 -0.47213595499958 -0.123105496593161 -0.0544837390112878
26 -0.47213595499958 -0.123105496593161 -0.0544837390112878
26 -0.47213595499958 -0.123105496593161 -0.0544837390112878
26 -0.47213595499958 -0.123105496593161 -0.0544837390112878
26 -0.47213595499958 -0.123105496593161 -0.0544837390112878
26 -0.47213595499958 -0.123105496593161 -0.0544837390112878
26 -0.47213595499958 -0.123105496593161 -0.0544837390112878
26 -0.47213595499958 -0.123105496593161 -0.0544837390112878
26 -0.47213595499958 -0.123105496593161 -0.0544837390112878
26 -0.47213595499958 -0.123105496593161 -0.0544837390112878
26 -0.47213595499958 -0.123105496593161 -0.0544837390112878
26 -0.47213595499958 -0.123105496593161 -0.0544837390112878
26 -0.47213595499958 -0.123105496593161 -0.0544837390112878
26 -0.47213595499958 -0.123105496593161 -0.0544837390112878
26 -0.47213595499958 -0.123105496593161 -0.0544837390112878
26 -0.47213595499958 -0.123105496593161 -0.0544837390112878
26 -0.47213595499958 -0.123105496593161 -0.0544837390112878
26 -0.47213595499958 -0.123105496593161 -0.0544837390112878
26 -0.47213595499958 -0.123105496593161 -0.0544837390112878
26 -0.47213595499958 -0.123105496593161 -0.0544837390112878
26 -0.47213595499958 -0.123105496593161 -0.0544837390112878
26 -0.47213595499958 -0.123105496593161 -0.0544837390112878
26 -0.47213595499958 -0.123105496593161 -0.0544837390112878
26 -0.47213595499958 -0.123105496593161 -0.0544837390112878
26 -0.47213595499958 -0.123105496593161 -0.0544837390112878
26 -0.47213595499958 -0.123105496593161 -0.0544837390112878
26 -0.47213595499958 -0.123105496593161 -0.0544837390112878
26 -0.47213595499958 -0.123105496593161 -0.0544837390112878
26 -0.47213595499958 -0.123105496593161 -0.0544837390112878
26 -0.47213595499958 -0.123105496593161 -0.0544837390112878
26 -0.47213595499958 -0.123105496593161 -0.0544837390112878
26 -0.47213595499958 -0.123105496593161 -0.0544837390112878
26 -0.47213595499958 -0.123105496593161 -0.0544837390112878
26 -0.47213595499958 -0.123105496593161 -0.0544837390112878
26 -0.47213595499958 -0.123105496593161 -0.0544837390112878
26 -0.47213595499958 -0.123105496593161 -0.0544837390112878
26 -0.47213595499958 -0.123105496593161 -0.0544837390112878
26 -0.47213595499958 -0.123105496593161 -0.0544837390112878
26 -0.47213595499958 -0.123105496593161 -0.0544837390112878
26 -0.47213595499958 -0.123105496593161 -0.0544837390112878
26 -0.47213595499958 -0.123105496593161 -0.0544837390112878
26 -0.47213595499958 -0.123105496593161 -0.0544837390112878
26 -0.47213595499958 -0.123105496593161 -0.0544837390112878
26 -0.47213595499958 -0.123105496593161 -0.0544837390112878
26 -0.47213595499958 -0.123105496593161 -0.0544837390112878
26 -0.47213595499958 -0.123105496593161 -0.0544837390112878
26 -0.47213595499958 -0.123105496593161 -0.0544837390112878
26 -0.47213595499958 -0.123105496593161 -0.0544837390112878
26 -0.47213595499958 -0.123105496593161 -0.0544837390112878
26 -0.47213595499958 -0.123105496593161 -0.0544837390112878
26 -0.47213595499958 -0.123105496593161 -0.0544837390112878
27 -0.47213595499958 -0.123105569012395 -0.0547044915766089
27 -0.47213595499958 -0.123105569012395 -0.0547044915766089
27 -0.47213595499958 -0.123105569012395 -0.0547044915766089
27 -0.47213595499958 -0.123105569012395 -0.0547044915766089
27 -0.47213595499958 -0.123105569012395 -0.0547044915766089
27 -0.47213595499958 -0.123105569012395 -0.0547044915766089
27 -0.47213595499958 -0.123105569012395 -0.0547044915766089
27 -0.47213595499958 -0.123105569012395 -0.0547044915766089
27 -0.47213595499958 -0.123105569012395 -0.0547044915766089
27 -0.47213595499958 -0.123105569012395 -0.0547044915766089
27 -0.47213595499958 -0.123105569012395 -0.0547044915766089
27 -0.47213595499958 -0.123105569012395 -0.0547044915766089
27 -0.47213595499958 -0.123105569012395 -0.0547044915766089
27 -0.47213595499958 -0.123105569012395 -0.0547044915766089
27 -0.47213595499958 -0.123105569012395 -0.0547044915766089
27 -0.47213595499958 -0.123105569012395 -0.0547044915766089
27 -0.47213595499958 -0.123105569012395 -0.0547044915766089
27 -0.47213595499958 -0.123105569012395 -0.0547044915766089
27 -0.47213595499958 -0.123105569012395 -0.0547044915766089
27 -0.47213595499958 -0.123105569012395 -0.0547044915766089
27 -0.47213595499958 -0.123105569012395 -0.0547044915766089
27 -0.47213595499958 -0.123105569012395 -0.0547044915766089
27 -0.47213595499958 -0.123105569012395 -0.0547044915766089
27 -0.47213595499958 -0.123105569012395 -0.0547044915766089
27 -0.47213595499958 -0.123105569012395 -0.0547044915766089
27 -0.47213595499958 -0.123105569012395 -0.0547044915766089
27 -0.47213595499958 -0.123105569012395 -0.0547044915766089
27 -0.47213595499958 -0.123105569012395 -0.0547044915766089
27 -0.47213595499958 -0.123105569012395 -0.0547044915766089
27 -0.47213595499958 -0.123105569012395 -0.0547044915766089
27 -0.47213595499958 -0.123105569012395 -0.0547044915766089
27 -0.47213595499958 -0.123105569012395 -0.0547044915766089
27 -0.47213595499958 -0.123105569012395 -0.0547044915766089
27 -0.47213595499958 -0.123105569012395 -0.0547044915766089
27 -0.47213595499958 -0.123105569012395 -0.0547044915766089
27 -0.47213595499958 -0.123105569012395 -0.0547044915766089
27 -0.47213595499958 -0.123105569012395 -0.0547044915766089
27 -0.47213595499958 -0.123105569012395 -0.0547044915766089
27 -0.47213595499958 -0.123105569012395 -0.0547044915766089
27 -0.47213595499958 -0.123105569012395 -0.0547044915766089
27 -0.47213595499958 -0.123105569012395 -0.0547044915766089
27 -0.47213595499958 -0.123105569012395 -0.0547044915766089
27 -0.47213595499958 -0.123105569012395 -0.0547044915766089
27 -0.47213595499958 -0.123105569012395 -0.0547044915766089
27 -0.47213595499958 -0.123105569012395 -0.0547044915766089
27 -0.47213595499958 -0.123105569012395 -0.0547044915766089
27 -0.47213595499958 -0.123105569012395 -0.0547044915766089
27 -0.47213595499958 -0.123105569012395 -0.0547044915766089
27 -0.47213595499958 -0.123105569012395 -0.0547044915766089
27 -0.47213595499958 -0.123105569012395 -0.0547044915766089
27 -0.47213595499958 -0.123105569012395 -0.0547044915766089
27 -0.47213595499958 -0.123105569012395 -0.0547044915766089
27 -0.47213595499958 -0.123105569012395 -0.0547044915766089
28 -0.47213595499958 -0.123105600950445 -0.0548577672920204
28 -0.47213595499958 -0.123105600950445 -0.0548577672920204
28 -0.47213595499958 -0.123105600950445 -0.0548577672920204
28 -0.47213595499958 -0.123105600950445 -0.0548577672920204
28 -0.47213595499958 -0.123105600950445 -0.0548577672920204
28 -0.47213595499958 -0.123105600950445 -0.0548577672920204
28 -0.47213595499958 -0.123105600950445 -0.0548577672920204
28 -0.47213595499958 -0.123105600950445 -0.0548577672920204
28 -0.47213595499958 -0.123105600950445 -0.0548577672920204
28 -0.47213595499958 -0.123105600950445 -0.0548577672920204
28 -0.47213595499958 -0.123105600950445 -0.0548577672920204
28 -0.47213595499958 -0.123105600950445 -0.0548577672920204
28 -0.47213595499958 -0.123105600950445 -0.0548577672920204
28 -0.47213595499958 -0.123105600950445 -0.0548577672920204
28 -0.47213595499958 -0.123105600950445 -0.0548577672920204
28 -0.47213595499958 -0.123105600950445 -0.0548577672920204
28 -0.47213595499958 -0.123105600950445 -0.0548577672920204
28 -0.47213595499958 -0.123105600950445 -0.0548577672920204
28 -0.47213595499958 -0.123105600950445 -0.0548577672920204
28 -0.47213595499958 -0.123105600950445 -0.0548577672920204
28 -0.47213595499958 -0.123105600950445 -0.0548577672920204
28 -0.47213595499958 -0.123105600950445 -0.0548577672920204
28 -0.47213595499958 -0.123105600950445 -0.0548577672920204
28 -0.47213595499958 -0.123105600950445 -0.0548577672920204
28 -0.47213595499958 -0.123105600950445 -0.0548577672920204
28 -0.47213595499958 -0.123105600950445 -0.0548577672920204
28 -0.47213595499958 -0.123105600950445 -0.0548577672920204
28 -0.47213595499958 -0.123105600950445 -0.0548577672920204
28 -0.47213595499958 -0.123105600950445 -0.0548577672920204
28 -0.47213595499958 -0.123105600950445 -0.0548577672920204
28 -0.47213595499958 -0.123105600950445 -0.0548577672920204
28 -0.47213595499958 -0.123105600950445 -0.0548577672920204
28 -0.47213595499958 -0.123105600950445 -0.0548577672920204
28 -0.47213595499958 -0.123105600950445 -0.0548577672920204
28 -0.47213595499958 -0.123105600950445 -0.0548577672920204
28 -0.47213595499958 -0.123105600950445 -0.0548577672920204
28 -0.47213595499958 -0.123105600950445 -0.0548577672920204
28 -0.47213595499958 -0.123105600950445 -0.0548577672920204
28 -0.47213595499958 -0.123105600950445 -0.0548577672920204
28 -0.47213595499958 -0.123105600950445 -0.0548577672920204
28 -0.47213595499958 -0.123105600950445 -0.0548577672920204
28 -0.47213595499958 -0.123105600950445 -0.0548577672920204
28 -0.47213595499958 -0.123105600950445 -0.0548577672920204
28 -0.47213595499958 -0.123105600950445 -0.0548577672920204
28 -0.47213595499958 -0.123105600950445 -0.0548577672920204
28 -0.47213595499958 -0.123105600950445 -0.0548577672920204
28 -0.47213595499958 -0.123105600950445 -0.0548577672920204
28 -0.47213595499958 -0.123105600950445 -0.0548577672920204
28 -0.47213595499958 -0.123105600950445 -0.0548577672920204
28 -0.47213595499958 -0.123105600950445 -0.0548577672920204
28 -0.47213595499958 -0.123105600950445 -0.0548577672920204
28 -0.47213595499958 -0.123105600950445 -0.0548577672920204
28 -0.47213595499958 -0.123105600950445 -0.0548577672920204
28 -0.47213595499958 -0.123105600950445 -0.0548577672920204
28 -0.47213595499958 -0.123105600950445 -0.0548577672920204
29 -0.472135954999579 -0.123105614934637 -0.0549631284989082
29 -0.472135954999579 -0.123105614934637 -0.0549631284989082
29 -0.472135954999579 -0.123105614934637 -0.0549631284989082
29 -0.472135954999579 -0.123105614934637 -0.0549631284989082
29 -0.472135954999579 -0.123105614934637 -0.0549631284989082
29 -0.472135954999579 -0.123105614934637 -0.0549631284989082
29 -0.472135954999579 -0.123105614934637 -0.0549631284989082
29 -0.472135954999579 -0.123105614934637 -0.0549631284989082
29 -0.472135954999579 -0.123105614934637 -0.0549631284989082
29 -0.472135954999579 -0.123105614934637 -0.0549631284989082
29 -0.472135954999579 -0.123105614934637 -0.0549631284989082
29 -0.472135954999579 -0.123105614934637 -0.0549631284989082
29 -0.472135954999579 -0.123105614934637 -0.0549631284989082
29 -0.472135954999579 -0.123105614934637 -0.0549631284989082
29 -0.472135954999579 -0.123105614934637 -0.0549631284989082
29 -0.472135954999579 -0.123105614934637 -0.0549631284989082
29 -0.472135954999579 -0.123105614934637 -0.0549631284989082
29 -0.472135954999579 -0.123105614934637 -0.0549631284989082
29 -0.472135954999579 -0.123105614934637 -0.0549631284989082
29 -0.472135954999579 -0.123105614934637 -0.0549631284989082
29 -0.472135954999579 -0.123105614934637 -0.0549631284989082
29 -0.472135954999579 -0.123105614934637 -0.0549631284989082
29 -0.472135954999579 -0.123105614934637 -0.0549631284989082
29 -0.472135954999579 -0.123105614934637 -0.0549631284989082
29 -0.472135954999579 -0.123105614934637 -0.0549631284989082
29 -0.472135954999579 -0.123105614934637 -0.0549631284989082
29 -0.472135954999579 -0.123105614934637 -0.0549631284989082
29 -0.472135954999579 -0.123105614934637 -0.0549631284989082
29 -0.472135954999579 -0.123105614934637 -0.0549631284989082
29 -0.472135954999579 -0.123105614934637 -0.0549631284989082
29 -0.472135954999579 -0.123105614934637 -0.0549631284989082
29 -0.472135954999579 -0.123105614934637 -0.0549631284989082
29 -0.472135954999579 -0.123105614934637 -0.0549631284989082
29 -0.472135954999579 -0.123105614934637 -0.0549631284989082
29 -0.472135954999579 -0.123105614934637 -0.0549631284989082
29 -0.472135954999579 -0.123105614934637 -0.0549631284989082
29 -0.472135954999579 -0.123105614934637 -0.0549631284989082
29 -0.472135954999579 -0.123105614934637 -0.0549631284989082
29 -0.472135954999579 -0.123105614934637 -0.0549631284989082
29 -0.472135954999579 -0.123105614934637 -0.0549631284989082
29 -0.472135954999579 -0.123105614934637 -0.0549631284989082
29 -0.472135954999579 -0.123105614934637 -0.0549631284989082
29 -0.472135954999579 -0.123105614934637 -0.0549631284989082
29 -0.472135954999579 -0.123105614934637 -0.0549631284989082
29 -0.472135954999579 -0.123105614934637 -0.0549631284989082
29 -0.472135954999579 -0.123105614934637 -0.0549631284989082
29 -0.472135954999579 -0.123105614934637 -0.0549631284989082
29 -0.472135954999579 -0.123105614934637 -0.0549631284989082
29 -0.472135954999579 -0.123105614934637 -0.0549631284989082
29 -0.472135954999579 -0.123105614934637 -0.0549631284989082
29 -0.472135954999579 -0.123105614934637 -0.0549631284989082
29 -0.472135954999579 -0.123105614934637 -0.0549631284989082
29 -0.472135954999579 -0.123105614934637 -0.0549631284989082
29 -0.472135954999579 -0.123105614934637 -0.0549631284989082
29 -0.472135954999579 -0.123105614934637 -0.0549631284989082
29 -0.472135954999579 -0.123105614934637 -0.0549631284989082
29 -0.472135954999579 -0.123105614934637 -0.0549631284989082
30 -0.472135954999579 -0.12310562101738 -0.0550348145274926
30 -0.472135954999579 -0.12310562101738 -0.0550348145274926
30 -0.472135954999579 -0.12310562101738 -0.0550348145274926
30 -0.472135954999579 -0.12310562101738 -0.0550348145274926
30 -0.472135954999579 -0.12310562101738 -0.0550348145274926
30 -0.472135954999579 -0.12310562101738 -0.0550348145274926
30 -0.472135954999579 -0.12310562101738 -0.0550348145274926
30 -0.472135954999579 -0.12310562101738 -0.0550348145274926
30 -0.472135954999579 -0.12310562101738 -0.0550348145274926
30 -0.472135954999579 -0.12310562101738 -0.0550348145274926
30 -0.472135954999579 -0.12310562101738 -0.0550348145274926
30 -0.472135954999579 -0.12310562101738 -0.0550348145274926
30 -0.472135954999579 -0.12310562101738 -0.0550348145274926
30 -0.472135954999579 -0.12310562101738 -0.0550348145274926
30 -0.472135954999579 -0.12310562101738 -0.0550348145274926
30 -0.472135954999579 -0.12310562101738 -0.0550348145274926
30 -0.472135954999579 -0.12310562101738 -0.0550348145274926
30 -0.472135954999579 -0.12310562101738 -0.0550348145274926
30 -0.472135954999579 -0.12310562101738 -0.0550348145274926
30 -0.472135954999579 -0.12310562101738 -0.0550348145274926
30 -0.472135954999579 -0.12310562101738 -0.0550348145274926
30 -0.472135954999579 -0.12310562101738 -0.0550348145274926
30 -0.472135954999579 -0.12310562101738 -0.0550348145274926
30 -0.472135954999579 -0.12310562101738 -0.0550348145274926
30 -0.472135954999579 -0.12310562101738 -0.0550348145274926
30 -0.472135954999579 -0.12310562101738 -0.0550348145274926
30 -0.472135954999579 -0.12310562101738 -0.0550348145274926
30 -0.472135954999579 -0.12310562101738 -0.0550348145274926
30 -0.472135954999579 -0.12310562101738 -0.0550348145274926
30 -0.472135954999579 -0.12310562101738 -0.0550348145274926
30 -0.472135954999579 -0.12310562101738 -0.0550348145274926
30 -0.472135954999579 -0.12310562101738 -0.0550348145274926
30 -0.472135954999579 -0.12310562101738 -0.0550348145274926
30 -0.472135954999579 -0.12310562101738 -0.0550348145274926
30 -0.472135954999579 -0.12310562101738 -0.0550348145274926
30 -0.472135954999579 -0.12310562101738 -0.0550348145274926
30 -0.472135954999579 -0.12310562101738 -0.0550348145274926
30 -0.472135954999579 -0.12310562101738 -0.0550348145274926
30 -0.472135954999579 -0.12310562101738 -0.0550348145274926
30 -0.472135954999579 -0.12310562101738 -0.0550348145274926
30 -0.472135954999579 -0.12310562101738 -0.0550348145274926
30 -0.472135954999579 -0.12310562101738 -0.0550348145274926
30 -0.472135954999579 -0.12310562101738 -0.0550348145274926
30 -0.472135954999579 -0.12310562101738 -0.0550348145274926
30 -0.472135954999579 -0.12310562101738 -0.0550348145274926
30 -0.472135954999579 -0.12310562101738 -0.0550348145274926
30 -0.472135954999579 -0.12310562101738 -0.0550348145274926
30 -0.472135954999579 -0.12310562101738 -0.0550348145274926
30 -0.472135954999579 -0.12310562101738 -0.0550348145274926
30 -0.472135954999579 -0.12310562101738 -0.0550348145274926
30 -0.472135954999579 -0.12310562101738 -0.0550348145274926
30 -0.472135954999579 -0.12310562101738 -0.0550348145274926
30 -0.472135954999579 -0.12310562101738 -0.0550348145274926
30 -0.472135954999579 -0.12310562101738 -0.0550348145274926
30 -0.472135954999579 -0.12310562101738 -0.0550348145274926
30 -0.472135954999579 -0.12310562101738 -0.0550348145274926
30 -0.472135954999579 -0.12310562101738 -0.0550348145274926
30 -0.472135954999579 -0.12310562101738 -0.0550348145274926
30 -0.472135954999579 -0.12310562101738 -0.0550348145274926



 #Hamiltonian solution
0.2 0.145220067848098 -0.0516695751691124 0.0283057033562389 
0.4 0.238103957482734 -0.0831867313979948 0.0454146609476205 
0.6 0.292797829204727 -0.0988963385636668 0.0536421009290519 
0.8 0.320049072288619 -0.102406270057776 0.0549551637453965 
1 0.32797184774558 -0.0966970912423411 0.0510164359819927 
1.2 0.322647121416578 -0.084216709784307 0.0432226518215074 
1.4 0.308591930669604 -0.0669619532114546 0.0327390502300238 
1.6 0.289125563550312 -0.0465487528466376 0.0205298431948156 
1.8 0.26665454851929 -0.0242724451818144 0.00738519403788456 
2 0.24289382155238 -0.00115948187039921 -0.00605493228834414 
2.2 0.219037833371421 0.0219882940403687 -0.0192797152088499 
2.4 0.19589244067427 0.0445558317800461 -0.0318889233915863 
2.6 0.17397616906592 0.0660826247502384 -0.0435765945762459 
2.8 0.153597599601609 0.0862352890535997 -0.0541167100413757 
3 0.134914191205063 0.104784295692299 -0.0633506416415742 
3.2 0.117976726165031 0.121584290651671 -0.0711761830031187 
3.4 0.102762641817118 0.136557496801811 -0.0775379862121184 
3.6 0.08920081541001 0.149679763138035 -0.0824192477355331 
3.8 0.0771897976483984 0.160968887168232 -0.0858344999939838 
4 0.0666110499025558 0.170474876645298 -0.0878233862839775 
4.2 0.0573383986291047 0.178271877152205 -0.0884453021611931 
4.4 0.0492446356331768 0.184451506697038 -0.0877748007475362 
4.6 0.0422059872048078 0.189117399589311 -0.0858976753055801 
4.8 0.0361050090184144 0.19238076303635 -0.082907633634408 
5 0.0308323202013229 0.194356802870358 -0.0789034939223405 
5.2 0.0262875149211077 0.195161866798992 -0.0739868355326786 
5.4 0.0223794770993197 0.194911204693184 -0.0682600499886 
5.6 0.0190262928323686 0.19371723235154 -0.0618247380967676 
5.8 0.0161548945582637 0.191688224712721 -0.0547804084877428 
6 0.0137005299012687 0.18892735516522 -0.0472234384926741 
6.2 0.011606139098218 0.185532028220934 -0.0392462585243015 
6.4 0.0098216862344632 0.181593444450526 -0.0309367326488889 
6.6 0.0083034769220169 0.177196360009242 -0.0223777020027375 
6.8 0.00701350233504282 0.172418996604246 -0.0136466719887756 
7 0.00591880520003811 0.167333075377384 -0.00481561570501682 
7.2 0.00499089517184151 0.162003944241253 0.00404911889575935 
7.4 0.00420520951753485 0.156490778771182 0.0128868211806605 
7.6 0.00354062155353708 0.150846835999063 0.021642359542082 
7.8 0.00297899966417966 0.145119747659649 0.0302660676910708 
8 0.00250481637868066 0.13935183909872 0.0387135847014632 
8.2 0.00210479435778954 0.133580463952639 0.0469456605727808 
8.4 0.00176760425973154 0.127838346460129 0.0549279341890484 
8.6 0.00148359090793652 0.122153924381998 0.0626306902609407 
8.8 0.00124453834490205 0.116551687314771 0.0700286026480562 
9 0.00104346555517736 0.111052506861573 0.0771004684796567 
9.2 0.000874447152285652 0.105673955651754 0.083828937612221 
9.4 0.000732459212391443 0.100430611614584 0.090200241052599 
9.6 0.000613249330445124 0.0953343465264588 0.0962039210965499 
9.8 0.000513218139131702 0.0903946006291558 0.10183256666732 
10 0.000429324860068481 0.0856186371518536 0.107081553599065 
10.2 0.000359001750415583 0.081011781297926 0.111948795346116 
10.4 0.000300081689807321 0.0765776408413499 0.116434500603714 
10.6 0.000250739033715146 0.0723183133156706 0.120540943372118 
10.8 0.000209435435557649 0.0682345714709454 0.124272242463318 
11 0.000174875634147146 0.0643260365846171 0.127634154306673 
11.2 0.000145970537867544 0.0605913355562029 0.130633875620096 
11.4 0.000121804225656951 0.0570282459931523 0.133279859677385 
11.6 0.000101607182351849 0.0536338218518125 0.135581643049545 
11.8 8.47342197818456E-05 0.0504045132843456 0.137549685841451 
12 7.06428465941705E-05 0.0473362701884148 0.139195221644059 
12.2 5.88787116416933E-05 0.0444246378449604 0.140530120579075 
12.4 4.906034154329E-05 0.0416648374197337 0.141566761889118 
12.6 4.0868535927062E-05 0.0390518436755574 0.142317918533692 
12.8 3.40355314259606E-05 0.0365804484922075 0.142796649682295 
13 2.8338424482761E-05 0.0342453205187609 0.143016205605365 
13.2 2.35892741038214E-05 0.0320410531590753 0.142989939008009 
13.4 1.96317315870308E-05 0.0299622110318095 0.142731227762237 
13.6 1.63343593862319E-05 0.028003366593472 0.142253402949296 
13.8 1.35877349137822E-05 0.0261591337821023 0.141569687770977 
14 1.13003663020562E-05 0.0244241944383865 0.140693140910569 
14.2 9.39672120865784E-06 0.022793322165451 0.139636607846864 
14.4 7.81178648413042E-06 0.0212614031063511 0.138412678471081 
14.6 6.49324165766272E-06 0.0198234503348805 0.137033650416579 
14.8 5.39596496181013E-06 0.0184746174034125 0.13551149797867 
15 4.48324347052204E-06 0.0172102080277306 0.133857844785364 
15.2 3.7246926520961E-06 0.0160256851591501 0.132083942991538 
15.4 3.09393287065686E-06 0.0149166749254694 0.130200655382407 
15.6 2.56916450025803E-06 0.0138789710212203 0.12821844119483 
15.8 2.13314939806975E-06 0.0129085372936096 0.126147345811369 
16 1.77036172361118E-06 0.0120015083107917 0.123996993459027 
16.2 1.4694545485403E-06 0.0111541885602688 0.121776583447771 
16.4 1.21997485055896E-06 0.0103630506776942 0.119494887029654 
16.6 1.01253232777159E-06 0.00962473401040581 0.117160248997447 
16.8 8.40507050608796E-07 0.0089360408925223 0.114780589180292 
17 6.97383693480976E-07 0.00829393332823769 0.112363407545441 
17.2 5.78249408189345E-07 0.00769552836640689 0.109915789094311 
17.4 4.79676965325146E-07 0.00713809399104324 0.107444411356485 
17.6 3.9767437138636E-07 0.00661904423848985 0.104955552588199 
17.8 3.2944228138641E-07 0.00613593383179536 0.102455101275732 
18 2.73325889972233E-07 0.00568645267103116 0.0999485663474167 
18.2 2.26300628986292E-07 0.00526842151945061 0.0974410877680186 
18.4 1.87863707039867E-07 0.004879785684668 0.0949374482375805 
18.6 1.55988683954308E-07 0.00451861000477146 0.0924420851905859 
18.8 1.29343488443007E-07 0.00418307294495154 0.0899591028170315 
19 1.07262058359635E-07 0.00387146273038224 0.0874922847581694 
19.2 8.88980950842057E-08 0.00358216971595819 0.085045106494144 
19.4 7.33006657911148E-08 0.0033136837559642 0.0826207490954614 
19.6 6.09022759830158E-08 0.00306458731589637 0.0802221107393592 
19.8 5.01837208011362E-08 0.00283355228809026 0.0778518206986733 
20 4.14438388161025E-08 0.00261933306357264 0.0755122509092055 
20.2 3.41784040098375E-08 0.00242076491243825 0.0732055293759668 
20.4 2.80395032832812E-08 0.00223675709696912 0.0709335516512469 
20.6 2.30958458835765E-08 0.00206628948724196 0.0686979936250468 
20.8 1.94201759513613E-08 0.00190840857360231 0.066500323120504 
21 1.61287971433735E-08 0.00176222464288546 0.0643418111934415 
21.2 1.35856847195941E-08 0.00162690581093084 0.06222354377168 
21.4 1.11495507208021E-08 0.00150167608735439 0.060146432200495 
21.6 8.86518865875327E-09 0.00138581208865241 0.0581112240002595 
21.8 7.21427789936061E-09 0.00127863973450269 0.0561185123943053 
22 5.87018032909848E-09 0.00117952926219307 0.0541687469542886 
22.2 4.8216596310487E-09 0.00108789548759518 0.0522622427434095 
22.4 4.14811864654096E-09 0.00100319344818665 0.0503991894665758 
22.6 3.50529837450366E-09 0.000924915834978304 0.0485796596102177 
22.8 2.8903426007521E-09 0.000852589840126239 0.0468036173704741 
23 2.70397307556948E-09 0.00078577710957395 0.0450709262125692 
23.2 2.17869651371848E-09 0.000724069702720901 0.0433813564413818 
23.4 1.95422333850114E-09 0.000667087998469964 0.0417345920016832 
23.6 1.68624004597605E-09 0.000614479825726178 0.0401302382125085 
23.8 1.45668955280752E-09 0.000565918130146387 0.0385678274408074 
24 1.33220835349052E-09 0.000521099492129374 0.0370468255607764 
24.2 1.41651143187864E-09 0.000479741736073664 0.0355666370557335 
24.4 8.89949319424994E-10 0.000441583664364574 0.0341266111147575 
24.6 7.80704695407757E-10 0.000406382580395756 0.0327260462994139 
24.8 2.97636593024932E-10 0.000373913600774085 0.0313641953051761 
25 1.20325256540581E-10 0.000343968404508201 0.0300402697701352 
25.2 3.38780126288062E-10 0.000316353532297881 0.0287534440269256 
25.4 5.45504961649001E-10 0.000290890073212477 0.0275028592225924 
25.6 6.05040766104427E-10 0.000267412163617607 0.0262876266029529 
25.8 8.42112585401345E-10 0.00024576627700643 0.0251068309645784 
26 3.07805723966091E-10 0.00022580955818805 0.023959533456358 
26.2 6.91586634023855E-11 0.000207410513365813 0.0228447747267531 
26.4 -2.16655861321993E-10 0.00019044719596027 0.0217615776226542 
26.6 -5.79238732843724E-10 0.000174806586531971 0.0207089490721192 
26.8 -3.42767306334323E-10 0.000160383980202043 0.019685882278006 
27 -2.653413265658E-10 0.000147082378000894 0.0186913586246535 
27.2 -2.86101366365715E-10 0.000134812187329806 0.0177243494863132 
27.4 2.51245534682754E-11 0.000123490032282176 0.0167838174346456 
27.6 -1.00094719926608E-11 0.000113039373577322 0.0158687176477378 
27.8 1.66335497067234E-11 0.000103388456187877 0.0149779994487468 
28 2.50703788780426E-10 9.44715376450296E-05 0.0141106065519792 
28.2 -1.77204868115076E-10 8.62270155224855E-05 0.0132654783894702 
28.4 -1.04211649230822E-10 7.85980978417356E-05 0.0124415500220685 
28.6 -1.90531358788477E-10 7.15314074304766E-05 0.0116377535131193 
28.8 -2.34935171003798E-10 6.49784582348666E-05 0.0108530171739364 
29 -6.07583833033598E-11 5.88933697519256E-05 0.0100862667497067 
29.2 -3.74872270282065E-12 5.32333067555733E-05 0.00933642467741189 
29.4 -1.87525225804767E-10 4.79580760398168E-05 0.0086024105514039 
29.6 2.91712691332736E-10 4.30309427474799E-05 0.00788314014486818 
29.8 3.37536496663695E-10 3.84167692286337E-05 0.007177525774824 
30 6.81200372443365E-10 3.40825924873239E-05 0.00648447531888892 
30.2 6.13824356915518E-10 2.99974719454545E-05 0.00580289163983332 
30.4 1.48116181255971E-10 2.61323245335629E-05 0.00513167171396791 
30.6 -2.30962195572922E-10 2.24589990645265E-05 0.00446970628060709 
30.8 -1.77974353416823E-10 1.89507118347583E-05 0.00381587863547153 
31 -1.27969400414899E-10 1.55822259875351E-05 0.00316906309276946 
31.2 3.71400023864989E-10 1.23292299276861E-05 0.00252812409672715 
31.4 4.40329184976208E-10 9.16774321954673E-06 0.00189191494134205 
31.6 2.84344280252848E-10 6.07424222090721E-06 0.00125927644718909 
31.8 2.04989177094527E-10 3.02577342162953E-06 0.000629034649745776 



#R : an1 : an2 : an3 : an4 
0.2 0.145982954110217 -0.0514375585883294 0.0281126067863808
0.4 0.239041467910414 -0.0827424492500219 0.0450721247976204
0.6 0.293565901558739 -0.0982648591855367 0.0531886182276121
0.8 0.320468575548271 -0.101615681678981 0.0544243920725314
1 0.32797184774558 -0.0957767406691384 0.0504375349729356
1.2 0.322224765471739 -0.0831958835855644 0.0426206221916346
1.4 0.307784545710895 -0.0658689049329345 0.0321350737974512
1.6 0.287991626166452 -0.0454100189473315 0.0199416154898528
1.8 0.265261051092838 -0.0231123849172129 0.00682724623766267
2 0.241308200137218 0 -0.0065709223702307
2.2 0.217323088864461 0.0231278914884086 -0.0197446258067497
2.4 0.194104468589709 0.0456588689868818 -0.0322959083986377
2.6 0.172162572556275 0.0671350113273649 -0.0439208196249453
2.8 0.151797469040906 0.0872254137774101 -0.0543951038928026
3 0.13315848872485 0.105702881503754 -0.0635616668378705
3.2 0.11628901306925 0.122424220644887 -0.0713196230006108
3.4 0.101159978197688 0.137313623644716 -0.0776147494658546
3.6 0.0876947136682713 0.15034871154536 -0.0824311879095855
3.8 0.0757871566827251 0.161548853702188 -0.0857842536444652
4 0.0653150272257753 0.170965435871996 -0.0877142248504772
4.2 0.0561491924992613 0.17867379172082 -0.0882809983614689
4.4 0.0481601692624808 0.184766551281556 -0.0875595102820961
4.6 0.0412224939962992 0.189348193451146 -0.0856358304509781
4.8 0.0352175202295749 0.192530618858289 -0.0826038494525274
5 0.0300350696448947 0.194429584889062 -0.0785624856100956
5.2 0.0255742605966789 0.195161866798992 -0.0736133472561698
5.4 0.0217437580084134 0.194843028079198 -0.0678587926527506
5.6 0.0184616271974542 0.193585699944537 -0.0614003363008109
5.8 0.0156549270076458 0.191498284292621 -0.0543373560992693
6 0.0132591415638111 0.188684007024666 -0.0467660609524824
6.2 0.0112175225229635 0.185240259468852 -0.038778683036615
6.4 0.00948039294234335 0.181258175020356 -0.0304628630700029
6.6 0.0080044482923212 0.176822396199214 -0.0219012006368107
6.8 0.00675207852314426 0.172010994293949 -0.0131709449286752
7 0.0056907265203925 0.166895509751095 -0.00434380423356653
7.2 0.00479229203273327 0.161541086615974 0.00451414485080264
7.4 0.00403258566673292 0.156006678739959 0.0133424651387925
7.6 0.00339083438355344 0.150345309241467 0.0220862980676471
7.8 0.00284923776705177 0.144604367927554 0.0306962470763059
8 0.00239257290535029 0.138825934124445 0.0391282161644426
8.2 0.0020078448420062 0.133047114693811 0.0473432131641296
8.4 0.00168397905906093 0.127300388983557 0.0553071259445724
8.6 0.00141155223945899 0.121613954126764 0.0629904786090929
8.8 0.00118255753564957 0.116012065503037 0.0703681737173301
9 0.000990200681304972 0.11051536835026 0.0774192256604498
9.2 0.000828723477269886 0.105141217493983 0.0841264895202506
9.4 0.000693251427000286 0.0999039829745122 0.090476389042981
9.6 0.000579662566366294 0.0948153400225686 0.0964586467450779
9.8 0.000484474810523279 0.0898845423842332 0.102066018631572
10 0.000404749414762283 0.0851186784430072 0.107294035540174
10.2 0.00033800840901932 0.0805229099469234 0.112140752717499
10.4 0.000282164112189805 0.0761006934352893 0.116606508881691
10.6 0.000235459059835215 0.0718539846845023 0.120693695721761
10.8 0.000196414886083163 0.0677834266654623 0.124406538522743
11 0.000163788887368939 0.063888521635007 0.127750888382418
11.2 0.000136537162721401 0.0601677880778669 0.130734026295338
11.4 0.000113783373594774 0.0566189032801485 0.133364479219372
11.6 9.479229710102E-05 0.053238832355658 0.135651848105324
11.8 7.89474613568808E-05 0.0500239445670126 0.137606647758246
12 6.57322520240481E-05 0.0469701177882978 0.139240158307028
12.2 5.47139664711799E-05 0.0440728319482713 0.140564287984191
12.4 4.5530367742879E-05 0.0413272522755113 0.141591446858244
12.6 3.78783560163358E-05 0.038728303141758 0.142334431114517
12.8 3.15044316917948E-05 0.0362707332689101 0.142806317445332
13 2.61966728200095E-05 0.033949173030292 0.143020367084976
13.2 2.17779912301571E-05 0.0317581845392194 0.142989939008009
13.4 1.81004673900952E-05 0.0296923051786286 0.142728411799577
13.6 1.50405945107494E-05 0.0277460851854611 0.142249113702574
13.8 1.24952884068577E-05 0.0259141198633217 0.141565260347784
14 1.03785417696975E-05 0.0241910769572021 0.140689899678591
14.2 8.6186203377979E-06 0.0225717196852172 0.139635863590842
14.4 7.15571444247058E-06 0.0210509258846764 0.138415725820262
14.6 5.93997296699347E-06 0.0196237036936508 0.137041765623887
14.8 4.92985824656407E-06 0.0182852041546766 0.135525936817891
15 4.09077015686868E-06 0.0170307310944769 0.133879841751374
15.2 3.39389585561805E-06 0.0158557486026603 0.132114709813915
15.4 2.81524857960339E-06 0.0147558864032956 0.130241380093587
15.6 2.33486475318274E-06 0.0137269433860753 0.12827028782141
15.8 1.93613359793558E-06 0.0127648895384358 0.126211454257696
16 1.60523758855431E-06 0.0118658664964678 0.124074479695203
16.2 1.33068559699298E-06 0.0110261869106585 0.121868539273245
16.4 1.10292350761431E-06 0.0102423328024014 0.11960238131589
16.6 9.14009557317648E-07 0.00951095306870384 0.1172843279259
16.8 7.5734372996849E-07 0.00882886027554322 0.114922277584049
17 6.274422762138E-07 0.00819302686478567 0.112523709520926
17.2 5.19749890697693E-07 0.00760058088539292 0.110095689645072
17.4 4.30483303369901E-07 0.00704880134673028 0.107644877827431
17.6 3.56501067651577E-07 0.00653511328005593 0.105177536357503
17.8 2.95195187450474E-07 0.0060570825836425 0.102699539401218
18 2.44400944172686E-07 0.00561241071737425 0.100216383304541
18.2 2.02321886509645E-07 0.00519892930399984 0.0977331975999731
18.4 1.6746744886341E-07 0.00481459468642809 0.0952547565856009
18.6 1.38601084768814E-07 0.00445748248346301 0.0927854913580983
18.8 1.14697152988801E-07 0.00412578218011721 0.0903295021920953
19 9.49050873620219E-08 0.00381779178305863 0.0878905711686944
19.2 7.85196264220695E-08 0.00353191256677477 0.0854721749655764
19.4 6.49560832143589E-08 0.00326664393162693 0.0830774977301631
19.6 5.37298062562334E-08 0.00302057839106393 0.0807094439657047
19.8 4.44391247872562E-08 0.00279239670182238 0.0783706513679597
20 3.6751190003229E-08 0.00258086314791532 0.0760635035573632
20.2 3.03902227625341E-08 0.00238482098656265 0.0737901426582619
20.4 2.51277605623255E-08 0.00220318806190776 0.0715524816829584
20.6 2.07745651354967E-08 0.00203495259036061 0.0693522166839781
20.8 1.71739090995951E-08 0.00187916911967771 0.0671908386431821
21 1.4196007602812E-08 0.00173495466240419 0.0650696450711153
21.2 1.17334004524496E-08 0.00160148500303649 0.0629897512943369
21.4 9.69712310735998E-09 0.00147799117719323 0.0609521014124493
21.6 8.01353227731686E-09 0.00136375612018257 0.0589574789101449
21.8 6.62167462470589E-09 0.00125811148161009 0.0570065169128578
22 5.47110597920652E-09 0.00116043460206062 0.0550997080775566
22.2 4.52008419778451E-09 0.00107014564739776 0.0532374141128642
22.4 3.73407186660843E-09 0.000986704895838529 0.0514198749250763
22.6 3.08449589524738E-09 0.000909610172666699 0.0496472173887667
22.8 2.54772006883831E-09 0.000838394427233597 0.0479194637425629
23 2.10419411068479E-09 0.000772623446749996 0.0462365396123421
23.2 1.7377490238968E-09 0.000711893701286826 0.0445982816655701
23.4 1.43501364084896E-09 0.000655830314367974 0.0430044449017882
23.6 1.18493159200201E-09 0.000604085153547491 0.0414547095853705
23.8 9.78361459535746E-10 0.00055633503540955 0.039948687827632
24 8.07745829796479E-10 0.000512280039506481 0.0384859298261857
24.2 6.66837404454243E-10 0.000471641925852925 0.037065929770135
24.4 5.50472358844508E-10 0.000434162650717931 0.0356881314202549
24.6 4.543828181587E-10 0.000399602975597588 0.0343519333737791
24.8 3.75041716871539E-10 0.000367741164405014 0.0330566940237765
25 3.09534462993846E-10 0.000338371764078979 0.0318017362233732
25.2 2.55452787062463E-10 0.00031130446398454 0.0305863516652811
25.4 2.10806949971389E-10 0.000286363029656343 0.0294098049872167
25.6 1.73953141824653E-10 0.000263384306615723 0.0282713376138616
25.8 1.43533449203304E-10 0.000242217290174699 0.0271701713460241
26 1.18426219880258E-10 0.000222722257321825 0.0261055117076204
26.2 9.77050280958704E-11 0.00020476995696549 0.0250765510610092
26.4 8.06047533029141E-11 0.000188240854988557 0.0240824715010901
26.6 6.64935418155822E-11 0.000173024430743248 0.0231224475384197
26.8 5.48496331862871E-11 0.000159018521786359 0.0221956485814154
27 4.52422089584261E-11 0.000146128713821495 0.0213012412275047
27.2 3.73155669804172E-11 0.000134267772976671 0.0204383913728493
27.4 3.07760449190516E-11 0.000123355117701989 0.0196062661500237
27.6 2.53812162905145E-11 0.000113316327722835 0.0188040357027666
27.8 2.09309648082027E-11 0.000104082687629097 0.0180308748066487
28 1.72601110878388E-11 9.55907628199942E-05 0.0172859643442205
28.2 1.4232322204507E-11 8.77820056573572E-05 0.0165684926429099
28.4 1.17350812941086E-11 8.06023898074848E-05 0.0158776566836514
28.6 9.67553301539462E-12 7.40020708730824E-05 0.0152126631879284
28.8 7.97705263095097E-12 6.79350715323964E-05 0.0145727295906149
29 6.57641287946369E-12 6.23589895125137E-05 0.0139570849057053
29.2 5.42144465190231E-12 5.7234726828086E-05 0.0133649704917279
29.4 4.46910554113369E-12 5.25262388155846E-05 0.012795640723342
29.6 3.68388526191191E-12 4.82003015867573E-05 0.0122483635753353
29.8 3.03648927740517E-12 4.42262966134225E-05 0.0117224211249506
30 2.5027521672515E-12 4.05760112392746E-05 0.0112171099781947
30.2 2.06274070110577E-12 3.72234539931808E-05 0.0107317416255116
30.4 1.70001354727405E-12 3.41446836527118E-05 0.0102656427319335
30.6 1.40101030188011E-12 3.13176510765625E-05 0.00981815536656897
30.8 1.15454727978666E-12 2.8722052890277E-05 0.00938863717603312
31 9.51401437635066E-13 2.63391961714911E-05 0.00897646150618394
31.2 7.83967045291943E-13 2.41518733389277E-05 0.00858101747629221
31.4 6.45972403286476E-13 2.21442465038208E-05 0.00820171000954545
31.6 5.32246118530142E-13 2.03017405934851E-05 0.00783795982356725
31.8 4.38524279785288E-13 1.86109446045561E-05 0.00748920338442194
