/////// Part A ////////
a random matrix A
         0          7          6 
         7          5          5 
         6          5          9 

eigen-vector matrix V
     0.853      0.232      0.468 
    -0.488      0.674      0.555 
    -0.187     -0.701      0.688 

eigen-value matrix  D
     -5.32   -2.6e-15   5.08e-21 
 -2.67e-15       2.21   4.47e-09 
 -1.39e-16   4.47e-09       17.1 

///// making checks ////

VtAV=D:
     -5.32  -3.44e-15  -6.66e-16 
 -3.28e-15       2.21   4.47e-09 
         0   4.47e-09       17.1 

VDVt = A
 -8.88e-16          7          6 
         7          5          5 
         6          5          9 

VtV=1
         1   1.67e-16          0 
  1.67e-16          1  -5.55e-17 
         0  -5.55e-17          1 

 VVt = 1
         1          0  -5.55e-17 
         0          1          0 
 -5.55e-17          0          1 
