-6 0.279415498198926 2.25
-4.66666666666667 0.998954917097928 1.36111111111111
-3.33333333333333 0.190567962875485 0.694444444444445
-2 -0.909297426825682 0.25
-0.666666666666667 -0.618369803069737 0.0277777777777778
0.666666666666666 0.618369803069737 0.0277777777777777
2 0.909297426825682 0.25
3.33333333333333 -0.190567962875484 0.694444444444444
4.66666666666667 -0.998954917097928 1.36111111111111
6 -0.279415498198926 2.25


#Berrut B1 spline data
-5.999999999 0.279415498638085 2.24999999966667
-5.874999999 0.33635485519363 2.20554113884147
-5.749999999 0.397485852164852 2.15496001890345
-5.624999999 0.462856326420659 2.09740040379251
-5.499999999 0.532304113681686 2.03196800265835
-5.374999999 0.605346086806597 1.95778996925884
-5.249999999 0.681034207144457 1.87411484540406
-5.124999999 0.757783038830004 1.78046571891421
-4.999999999 0.833188094658082 1.67685456046869
-4.874999999 0.903878834584007 1.56405081395648
-4.749999999 0.965481781865647 1.44386751750982
-4.624999999 1.01279564364761 1.31938379666756
-4.499999999 1.04027479704367 1.19497762719555
-4.374999999 1.04284613262073 1.0760318802454
-4.249999999 1.01693528349261 0.968244256217034
-4.124999999 0.96140405173293 0.876631937648164
-3.999999999 0.878023113169798 0.804510514144442
-3.874999999 0.771231130246115 0.752811683952206
-3.749999999 0.647232478003226 0.719990214193816
-3.624999999 0.512773860915263 0.702510383945713
-3.499999999 0.374027210988749 0.69566847266622
-3.374999999 0.235870154240528 0.694438222779359
-3.249999999 0.101630117835861 0.694116651963539
-3.124999999 -0.0268103407144349 0.690696289147652
-2.999999999 -0.148707041176964 0.681003847347669
-2.874999999 -0.264082036328437 0.662693590023685
-2.749999999 -0.373366837573522 0.634182088371544
-2.624999999 -0.477093597107742 0.594587349468195
-2.499999999 -0.575637633529244 0.543708321207146
-2.374999999 -0.669004265102793 0.482057433381524
-2.249999999 -0.756656443723648 0.410938371194649
-2.124999999 -0.83739221016614 0.332540588030994
-1.999999999 -0.909297427359141 0.249999999333333
-1.874999999 -0.969812387106491 0.167356243376271
-1.749999999 -1.01595014685659 0.0893327316534025
-1.624999999 -1.04467857329668 0.0208929424021441
-1.499999999 -1.05342384231778 -0.0334051756122872
-1.374999999 -1.04058660060959 -0.0701392007672911
-1.249999999 -1.00591992701904 -0.0876417555643774
-1.124999999 -0.950638326974975 -0.0863117827140422
-0.999999999 -0.877214588246895 -0.0685135179758119
-0.874999999 -0.788934647074077 -0.0381074079661187
-0.749999999 -0.689357439045107 0.000221711909444925
-0.624999999 -0.581831512108398 0.0416399353131102
-0.499999999 -0.469165964274066 0.0816954170771905
-0.374999999 -0.353481774656589 0.116646922564665
-0.249999999 -0.236216768852018 0.143608284750759
-0.124999999 -0.118235747971474 0.160567965042208
1.00000008274037E-09 9.46170432085829E-10 0.166349809885931
0.125000001 0.118235749862054 0.160567964858212
0.250000001 0.236216770735654 0.143608284395167
0.375000001 0.353481776523174 0.116646922062844
0.500000001 0.469165966105573 0.0816954164682618
0.625000001 0.581831513876537 0.0416399346502753
0.750000001 0.689357440710269 0.000221711258854017
0.875000001 0.788934648586368 -0.0381074085290263
1.000000001 0.877214589549939 -0.0685135183732217
1.125000001 0.950638328012577 -0.0863117828756956
1.250000001 1.00591992774373 -0.0876417554388469
1.375000001 1.04058660099093 -0.0701392003316475
1.500000001 1.05342384234791 -0.033405174876976
1.625000001 1.04467857299107 0.0208929433950726
1.750000001 1.01595014624989 0.0893327328381901
1.875000001 0.969812386244999 0.167356244674823
2.000000001 0.909297426292223 0.250000000666667
2.125000001 0.837392208938975 0.33254058932813
2.250000001 0.75665644237239 0.410938372397871
2.375000001 0.669004263652373 0.482057434448293
2.500000001 0.57563763199333 0.543708322109757
2.625000001 0.477093595490187 0.594587350192369
2.750000001 0.373366835870764 0.634182088914947
2.875000001 0.264082034532594 0.662693590394995
3.000000001 0.148707039279574 0.68100384756649
3.125000001 0.0268103387109751 0.690696289245223
3.250000001 -0.101630119940614 0.694116651983875
3.375000001 -0.235870156426523 0.694438222780031
3.500000001 -0.374027213214941 0.695668472717553
3.625000001 -0.512773863115894 0.702510384126899
3.750000001 -0.64723248008862 0.719990214584762
3.875000001 -0.771231132110378 0.752811684621207
4.000000001 -0.87802311470599 0.804510515134063
4.125000001 -0.961404052852837 0.87663193896392
4.250000001 -1.01693528414491 0.96824425782384
4.375000001 -1.04284613280074 1.07603188207413
4.500000001 -1.04027479679117 1.19497762915761
4.625000001 -1.01279564303459 1.31938379867195
4.750000001 -0.965481780979632 1.44386751947715
4.875000001 -0.903878833512724 1.56405081582682
5.000000001 -0.833188093478965 1.67685456220331
5.125000001 -0.757783037605132 1.78046572049318
5.250000001 -0.681034205919736 1.8741148468219
5.375000001 -0.605346085613476 1.95778997051993
5.500000001 -0.532304112539945 2.031968003773
5.625000001 -0.46285632534132 2.09740040477404
5.750000001 -0.397485851152739 2.15496001976622
5.875000001 -0.336354854249402 2.20554113959959


#Berrut B2 data
-5.999999999 0.279415498507222 2.24999999977778
-5.874999999 0.320313577169275 2.21952655102126
-5.749999999 0.366366811780342 2.18288204725151
-5.624999999 0.418240915743111 2.13870957451642
-5.499999999 0.476573500794664 2.08538224527785
-5.374999999 0.541868648842567 2.0210012489339
-5.249999999 0.614315400947319 1.94344980700509
-5.124999999 0.693497246201245 1.85055398186787
-4.999999999 0.777965240574071 1.74042434288549
-4.874999999 0.864683428184295 1.61206310175002
-4.749999999 0.94845052849248 1.46628162711678
-4.624999999 1.02157421930336 1.30682136291481
-4.499999999 1.07426859762215 1.14126622539228
-4.374999999 1.09625094391491 0.980987900596805
-4.249999999 1.0795209614532 0.839370538177397
-4.124999999 1.02131690591903 0.728370420536522
-3.999999999 0.925542985441119 0.654827585772601
-3.874999999 0.801589591429168 0.618570768247588
-3.749999999 0.661192838781057 0.613282235554319
-3.624999999 0.515155036571287 0.629242892432119
-3.499999999 0.371364076671765 0.656234704607888
-3.374999999 0.234360945094895 0.685438792121997
-3.249999999 0.105899043062756 0.710151724691204
-3.124999999 -0.014162514458173 0.725708217334408
-2.999999999 -0.127033034082712 0.729066894037073
-2.874999999 -0.234369240543054 0.718362561570342
-2.749999999 -0.337847474596038 0.692567423914416
-2.624999999 -0.438865941201573 0.651304458606399
-2.499999999 -0.538313779915544 0.594810552773224
-2.374999999 -0.636364366130472 0.52402821855449
-2.249999999 -0.732279328168459 0.440790601455763
-2.124999999 -0.824244574626581 0.348041781607564
-1.999999999 -0.909297427468362 0.249999999208333
-1.874999999 -0.983433663156471 0.152136743091697
-1.749999999 -1.04198150643431 0.0608389924295309
-1.624999999 -1.08026912781609 -0.0173157041408986
-1.499999999 -1.09448847526296 -0.076594253562567
-1.374999999 -1.08252031519324 -0.113191559520226
-1.249999999 -1.04442892818748 -0.125995340794789
-1.124999999 -0.982431733762604 -0.116743468178296
-0.999999999 -0.900364519705447 -0.0895313625660789
-0.874999999 -0.802863973866748 -0.0498902768200626
-0.749999999 -0.694556373225908 -0.00377750972568113
-0.624999999 -0.579464652006038 0.043241199581388
-0.499999999 -0.460708150728245 0.0864935297937575
-0.374999999 -0.340458010681939 0.122406362785031
-0.249999999 -0.220062371548361 0.148509835235576
-0.124999999 -0.100257684954348 0.163344272632817
1.00000008274037E-09 0.0185922869482063 0.166349809862824
0.125000001 0.13626171643146 0.157784259597073
0.250000001 0.252446701744302 0.138683815514326
0.375000001 0.366576243029467 0.11085621535404
0.500000001 0.477661377551078 0.0768759744690662
0.625000001 0.584201811236494 0.040036344952273
0.750000001 0.684176924243003 0.00420676528203269
0.875000001 0.775147320472042 -0.0264446568650316
1.000000001 0.854476902406455 -0.0478699507650399
1.125000001 0.919652143684377 -0.0566527462647469
1.250000001 0.968634410180151 -0.0505067160160203
1.375000001 1.00015343694289 -0.0286274215125886
1.500000001 1.0138560075842 0.00820966928378818
1.625000001 1.01026767814496 0.0578351528259375
1.750000001 0.990587719437634 0.117094263070295
1.875000001 0.956387325163583 0.182356507518841
2.000000001 0.909297426401444 0.250000000541667
2.125000001 0.850755915382317 0.316784645990168
2.250000001 0.781851506601334 0.380084481681408
2.375000001 0.703271147751319 0.437994551975689
2.500000001 0.615339576069503 0.489350110251376
2.625000001 0.518133433561196 0.533697899267827
2.750000001 0.411653036094718 0.57124873472493
2.875000001 0.296036179951057 0.602825295632253
3.000000001 0.171795588946154 0.629803991481034
3.125000001 0.0400528479176228 0.654038149430193
3.250000001 -0.097271351112882 0.677744105769378
3.375000001 -0.237362102841702 0.703334715671299
3.500000001 -0.376561744171221 0.733197976057332
3.625000001 -0.510598661640468 0.769440157844867
3.750000001 -0.634981032598227 0.813635873346851
3.875000001 -0.745488875640418 0.866640380915922
4.000000001 -0.838656254653655 0.928512255571052
4.125000001 -0.912129941017101 0.998566616421746
4.250000001 -0.964827855451626 1.07554161841102
4.375000001 -0.9968835461973 1.15783101272761
4.500000001 -1.00942240003384 1.24372550223332
4.625000001 -1.00424784215567 1.33161598602535
4.750000001 -0.983515893699433 1.42013358928368
4.875000001 -0.949454245852362 1.50822336020834
5.000000001 -0.904152914659038 1.59516341616771
5.125000001 -0.849429227938742 1.68054749565833
5.250000001 -0.786755110406236 1.76424844984166
5.375000001 -0.717228750498926 1.84637642512276
5.500000001 -0.641572755213576 1.92724096983717
5.625000001 -0.560143715494085 2.00732252930551
5.750000001 -0.472941476660879 2.08725632172749
5.875000001 -0.379609060391048 2.16783043474081


#Berrut Bsplit data
-5.999999999 0.279415498202508 2.25
-5.874999999 0.279868359625927 2.25
-5.749999999 0.280331614590212 2.25
-5.624999999 0.280805625059473 2.25
-5.499999999 0.281290770002845 2.25
-5.374999999 0.281787446404975 2.25
-5.249999999 0.282296070349424 2.25
-5.124999999 0.282817078181219 2.25
-4.999999999 0.283350927755347 2.25
-4.874999999 0.283898099778742 2.25
-4.749999999 0.284459099253993 2.25
-4.624999999 1.00164587105596 1.3580584769502
-4.499999999 1.00910788555884 1.34967845652878
-4.374999999 1.01581352369113 1.34226659930885
-4.249999999 1.02192368003721 1.33562325761577
-4.124999999 1.02756003159749 1.32959775008177
-3.999999999 1.03281649706778 1.32407407403164
-3.874999999 1.03776691505433 1.31896133377915
-3.749999999 1.04247032223589 1.31418716253048
-3.624999999 1.04697466475069 1.30969309870369
-3.499999999 1.05131946122198 1.3054312701631
-3.374999999 1.05553774879991 1.30136197313522
-3.249999999 0.190826613506063 0.68418521559732
-3.124999999 0.191294838934697 0.669339654244466
-2.999999999 0.191855563229092 0.655063291027079
-2.874999999 0.192505411146323 0.6412733863095
-2.749999999 0.193241867745931 0.62789661308519
-2.624999999 0.19406317477189 0.614867406329194
-2.499999999 0.194968250041868 0.602126607218566
-2.374999999 0.195956625418158 0.589620338056158
-2.249999999 0.197028400038118 0.577299058555195
-2.124999999 0.198184206312808 0.565116765118295
-1.999999999 -0.909297427013638 0.249999999625
-1.874999999 -0.932851099570376 0.202732643636235
-1.749999999 -0.956571873798045 0.154572564223028
-1.624999999 -0.980536017622627 0.105349070420161
-1.499999999 -1.00482438325326 0.0548780483712076
-1.374999999 -1.02952348715851 0.00295934080319884
-1.249999999 -1.05472675313488 -0.0506263052376517
-1.124999999 -1.08053596005022 -0.106120827161351
-0.999999999 -1.10706294632223 -0.163793103919144
-0.874999999 -1.13443163701831 -0.223944048764077
-0.749999999 -1.16278047782204 -0.286912752193865
-0.624999999 -0.613855811962153 0.0432703949462748
-0.499999999 -0.600909818536382 0.0882464100262752
-0.374999999 -0.588783875916697 0.131179892317683
-0.249999999 -0.5773934052256 0.17231255678134
-0.124999999 -0.566664617988088 0.211856719634378
1.00000008274037E-09 -0.556532822683941 0.2500000003
0.125000001 -0.546941038651102 0.286909176440428
0.250000001 -0.537838854014229 0.322733367133634
0.375000001 -0.52918147878214 0.357606679310765
0.500000001 -0.520928955109594 0.39165042262151
0.625000001 -0.513045494930348 0.42497497523897
0.750000001 0.61531165562341 0.0381802224769361
0.875000001 0.610666452889894 0.0537496957660707
1.000000001 0.605941035690093 0.0693146418691589
1.125000001 0.601123083267336 0.0849159972032252
1.250000001 0.596199787552484 0.100594889924955
1.375000001 0.591157739427847 0.116393002130591
1.500000001 0.585982806433909 0.132352941304914
1.625000001 0.580659999564221 0.148518628015499
1.750000001 0.575173326488276 0.164935707353042
1.875000001 0.569505628144768 0.181651992375024
2.000000001 0.90929742678809 0.250000000075
2.125000001 0.90451659699746 0.259483354813519
2.250000001 0.899558380075523 0.269207683152089
2.375000001 0.8944008335327 0.279211887696641
2.500000001 0.889019590516588 0.289538715075791
2.625000001 0.883387430992095 0.300235478894098
2.750000001 0.877473768416691 0.311354921266769
2.875000001 0.871244030767155 0.322956248059301
3.000000001 0.864658908646989 0.335106383078316
3.125000001 0.857673434983374 0.347881500048281
3.250000001 0.850235849686719 0.361368909623768
3.375000001 -0.190519566178226 0.696698668653499
3.500000001 -0.190403086408805 0.703745225103869
3.625000001 -0.190332620803839 0.711272631720379
3.750000001 -0.19031272416507 0.719363235950289
3.875000001 -0.190349072146489 0.728116580593562
4.000000001 -0.190448769429996 0.737654321067472
4.125000001 -0.190620770052729 0.748126915742437
4.250000001 -0.190876460090438 0.759722884641917
4.375000001 -0.19123048039724 0.7726818671901
4.500000001 -0.191701912776726 0.78731343296057
4.625000001 -0.192316031227188 0.804024838786855
4.750000001 -0.995752648479012 1.36477097276891
4.875000001 -0.990290067045601 1.37108881722934
5.000000001 -0.983784448355597 1.37871287135457
5.125000001 -0.975816303473257 1.38816358300029
5.250000001 -0.965713283689094 1.40027537383225
5.375000001 -0.952325309830894 1.41647584169061
5.500000001 -0.933507864603563 1.43942731299765
5.625000001 -0.904749615446815 1.47473080966793
5.750000001 -0.854660988543582 1.53652751491268
5.875000001 -0.743786373703195 1.67380591534312
