0 0 0.985182520098891 0
0.0078125 0.00769496282420898 0.984727962898607 3.0060760529545E-05
0.015625 0.0153863744202907 0.984273405698324 0.000120224546138351
0.0234375 0.0230742347882453 0.98381884849804 0.000270463612856673
0.03125 0.0307585439280726 0.983364291297756 0.000480750216714769
0.0390625 0.0384393018397727 0.982909734097472 0.000751056613742893
0.046875 0.0461165085233456 0.982455176897188 0.0010813550599713
0.0546875 0.0537901639787913 0.982000619696905 0.00147161781143025
0.0625 0.0614602682061098 0.981546062496621 0.00192181712415
0.0703125 0.069126821205301 0.981091505296337 0.0024319252541608
0.078125 0.076789822976365 0.980636948096053 0.00300191445749292
0.0859375 0.0844492735193018 0.98018239089577 0.00363175699017659
0.09375 0.0921051728341114 0.979727833695486 0.00432142510824209
0.1015625 0.0997575209207938 0.979273276495202 0.00507089106771967
0.109375 0.107406317779349 0.978818719294918 0.00588012712463958
0.1171875 0.115051563409777 0.978364162094634 0.00674910553503208
0.125 0.122693257812078 0.977909604894351 0.00767779855492743
0.1328125 0.130331400986251 0.977455047694067 0.00866617844035588
0.140625 0.137965992932297 0.977000490493783 0.00971421744734769
0.1484375 0.145597033650216 0.976545933293499 0.0108218878319331
0.15625 0.153224523140008 0.976091376093215 0.0119891618501424
0.1640625 0.160848461401673 0.975636818892932 0.0132160117580058
0.171875 0.16846884843521 0.975182261692648 0.0145024098115536
0.1796875 0.176085684240621 0.974727704492364 0.0158483282668161
0.1875 0.183698968817904 0.97427314729208 0.0172537393798234
0.1953125 0.191308702167059 0.973818590091796 0.0187186154066059
0.203125 0.198914884288088 0.973364032891513 0.0202429286031938
0.2109375 0.206517515180989 0.972909475691229 0.0218266512256174
0.21875 0.214116594845763 0.972454918490945 0.0234697555299068
0.2265625 0.22171212328241 0.972000361290661 0.0251722137720925
0.234375 0.22930410049093 0.971545804090378 0.0269339982082046
0.2421875 0.236892526471322 0.971091246890094 0.0287550810942734
0.25 0.244477401223588 0.97063668968981 0.0306354346863291
0.2578125 0.252058724747726 0.970182132489526 0.032575031240402
0.265625 0.259636497043736 0.969727575289242 0.0345738430125224
0.2734375 0.26721071811162 0.969273018088959 0.0366318422587205
0.28125 0.274781387951376 0.968818460888675 0.0387490012350265
0.2890625 0.282348506563006 0.968363903688391 0.0409252921974708
0.296875 0.289912073946508 0.967909346488107 0.0431606874020836
0.3046875 0.297472090101882 0.967454789287823 0.0454551591048951
0.3125 0.30502855502913 0.96700023208754 0.0478086795619356
0.3203125 0.31258146872825 0.966545674887256 0.0502212210292353
0.328125 0.320130831199243 0.966091117686972 0.0526927557628246
0.3359375 0.327676642442109 0.965636560486688 0.0552232560187336
0.34375 0.335218902456848 0.965182003286405 0.0578126940529926
0.3515625 0.342757611243459 0.964727446086121 0.0604610421216319
0.359375 0.350292768801943 0.964272888885837 0.0631682724806817
0.3671875 0.3578243751323 0.963818331685553 0.0659343573861724
0.375 0.36535243023453 0.963363774485269 0.068759269094134
0.3828125 0.372876934108633 0.962909217284986 0.071642979860597
0.390625 0.380397886754608 0.962454660084702 0.0745854619415915
0.3984375 0.387915288172456 0.962000102884418 0.0775866875931478
0.40625 0.395416401237603 0.957469665820387 0.08064660253562
0.4140625 0.402874955630614 0.951920258790419 0.0837649563741303
0.421875 0.410290155281203 0.946370851760451 0.0869414108143733
0.4296875 0.417662000189371 0.940821444730483 0.090175627147424
0.4375 0.424990490355117 0.935272037700515 0.0934672666643572
0.4453125 0.432275625778441 0.929722630670547 0.0968159906562476
0.453125 0.439517406459344 0.924173223640579 0.10022146041417
0.4609375 0.446715832397825 0.918623816610611 0.1036833372292
0.46875 0.453870903593885 0.913074409580643 0.107201282392411
0.4765625 0.460982620047523 0.907525002550675 0.110774957194879
0.484375 0.468050981758739 0.901975595520707 0.114404022927679
0.4921875 0.475075988727534 0.896426188490739 0.118088140881884
0.5 0.482057640953907 0.890876781460771 0.121826972348571
0.5078125 0.488995938437859 0.885327374430803 0.125620178618814
0.515625 0.495890881179388 0.879777967400835 0.129467420983688
0.5234375 0.502742469178497 0.874228560370867 0.133368360734267
0.53125 0.509550702435183 0.868679153340899 0.137322659161627
0.5390625 0.516315580949448 0.863129746310931 0.141329977556842
0.546875 0.523037104721292 0.857580339280963 0.145389977210987
0.5546875 0.529715273750713 0.852030932250995 0.149502319415137
0.5625 0.536350088037713 0.846481525221027 0.153666665460367
0.5703125 0.542941547582292 0.840932118191059 0.157882676637751
0.578125 0.549489652384449 0.835382711161091 0.162150014238365
0.5859375 0.555994402444184 0.829833304131123 0.166468339553283
0.59375 0.562455797761497 0.824283897101155 0.17083731387358
0.6015625 0.568873838336389 0.818734490071187 0.175256598490331
0.609375 0.57524852416886 0.813185083041219 0.179725854694611
0.6171875 0.581579855258908 0.807635676011251 0.184244743777495
0.625 0.587867831606536 0.802086268981283 0.188812927030057
0.6328125 0.594112453211741 0.796536861951315 0.193430065743372
0.640625 0.600313720074525 0.790987454921347 0.198095821208515
0.6484375 0.606471632194887 0.785438047891379 0.202809854716561
0.65625 0.612586189572828 0.779888640861411 0.207571827558585
0.6640625 0.618657392208347 0.774339233831443 0.212381401025662
0.671875 0.624685240101444 0.768789826801475 0.217238236408866
0.6796875 0.63066973325212 0.763240419771507 0.222141994999272
0.6875 0.636610871660374 0.757691012741539 0.227092338087955
0.6953125 0.642508655326206 0.752141605711571 0.23208892696599
0.703125 0.648363084249617 0.746592198681603 0.237131422924452
0.7109375 0.654174158430606 0.741042791651635 0.242219487254415
0.71875 0.659941877869174 0.735493384621667 0.247352781246955
0.7265625 0.66566624256532 0.729943977591699 0.252530966193146
0.734375 0.671347252519044 0.724394570561731 0.257753703384063
0.7421875 0.676984907730347 0.718845163531763 0.263020654110781
0.75 0.682579208199228 0.713295756501795 0.268331479664375
0.7578125 0.688130153925687 0.707746349471827 0.273685841335919
0.765625 0.693637744909725 0.702196942441859 0.279083400416488
0.7734375 0.699101981151341 0.696647535411891 0.284523818197158
0.78125 0.704522862650536 0.691098128381923 0.290006755969003
0.7890625 0.709900389407309 0.685548721351955 0.295531875023098
0.796875 0.71523456142166 0.679999314321987 0.301098836650517
0.8046875 0.720525433227313 0.674473175013733 0.306707302227545
0.8125 0.72577322901846 0.668962547519954 0.312356934405443
0.8203125 0.730977973032312 0.663451920026175 0.318047396816955
0.828125 0.736139665268869 0.657941292532396 0.32377835312007
0.8359375 0.741258305728131 0.652430665038617 0.329549466972778
0.84375 0.746333894410097 0.646920037544838 0.335360402033069
0.8515625 0.751366431314769 0.641409410051059 0.341210821958932
0.859375 0.756355916442145 0.63589878255728 0.347100390408359
0.8671875 0.761302349792226 0.630388155063501 0.353028771039337
0.875 0.766205731365012 0.624877527569722 0.358995627509859
0.8828125 0.771066061160503 0.619366900075943 0.365000623477912
0.890625 0.775883339178699 0.613856272582164 0.371043422601488
0.8984375 0.7806575654196 0.608345645088385 0.377123688538576
0.90625 0.785388739883205 0.602835017594606 0.383241084947166
0.9140625 0.790076862569515 0.597324390100827 0.389395275485248
0.921875 0.79472193347853 0.591813762607048 0.395585923810811
0.9296875 0.79932395261025 0.586303135113269 0.401812693581847
0.9375 0.803882919964675 0.580792507619491 0.408075248456343
0.9453125 0.808398835541805 0.575281880125712 0.414373252092291
0.953125 0.812871699341639 0.569771252631933 0.420706368147681
0.9609375 0.817301511364179 0.564260625138154 0.427074260280501
0.96875 0.821688271609423 0.558749997644375 0.433476592148742
0.9765625 0.826031980077372 0.553239370150596 0.439913027410395
0.984375 0.830332636768026 0.547728742656817 0.446383229723448
0.9921875 0.834590241681385 0.542218115163038 0.452886862745892
1 0.838804794817449 0.536707487669259 0.459423590135716
1.0078125 0.842976296176217 0.53119686017548 0.465993075550911
1.015625 0.847104745757691 0.525686232681701 0.472594982649466
1.0234375 0.851190143561869 0.520175605187922 0.479228975089372
1.03125 0.855232489588752 0.514664977694143 0.485894716528617
1.0390625 0.85923178383834 0.509154350200364 0.492591870625192
1.046875 0.863188026310633 0.503643722706585 0.499320101037088
1.0546875 0.86710121700563 0.498133095212806 0.506079071422293
1.0625 0.870971355923333 0.492622467719027 0.512868445438797
1.0703125 0.87479844306374 0.487111840225248 0.519687886744592
1.078125 0.878582478426852 0.481601212731469 0.526537058997665
1.0859375 0.882323462012669 0.476090585237691 0.533415625856008
1.09375 0.886021393821191 0.470579957743912 0.54032325097761
1.1015625 0.889676273852418 0.465069330250133 0.54725959802046
1.109375 0.893288102106349 0.459558702756354 0.55422433064255
1.1171875 0.896856878582986 0.454048075262575 0.561217112501869
1.125 0.900382603282327 0.448537447768796 0.568237607256406
1.1328125 0.903865276204373 0.443026820275017 0.575285478564152
1.140625 0.907304897349124 0.437516192781238 0.582360390083096
1.1484375 0.91070146671658 0.432005565287459 0.589462005471229
1.15625 0.914054984306741 0.42649493779368 0.596589988386539
1.1640625 0.917365450119606 0.420984310299901 0.603744002487018
1.171875 0.920632864155177 0.415473682806122 0.610923711430655
1.1796875 0.923857226413452 0.409963055312343 0.618128778875439
1.1875 0.927038536894432 0.404452427818564 0.625358868479361
1.1953125 0.930176795598117 0.398941800324785 0.632613643900411
1.203125 0.933269909578528 0.392091687404411 0.639892766616426
1.2109375 0.936298519085358 0.383232346344145 0.647195813351834
1.21875 0.939257914990155 0.374373005283878 0.65452225073338
1.2265625 0.942148097292919 0.365513664223612 0.661871538029799
1.234375 0.944969065993649 0.356654323163346 0.669243134509826
1.2421875 0.947720821092346 0.347794982103079 0.676636499442195
1.25 0.950403362589009 0.338935641042813 0.684051092095639
1.2578125 0.95301669048364 0.330076299982546 0.691486371738893
1.265625 0.955560804776237 0.32121695892228 0.698941797640691
1.2734375 0.958035705466801 0.312357617862013 0.706416829069766
1.28125 0.960441392555331 0.303498276801747 0.713910925294854
1.2890625 0.962777866041828 0.29463893574148 0.721423545584688
1.296875 0.965045125926291 0.285779594681214 0.728954149208002
1.3046875 0.967243172208722 0.276920253620948 0.736502195433531
1.3125 0.969372004889119 0.268060912560681 0.744067143530008
1.3203125 0.971431623967482 0.259201571500415 0.751648452766168
1.328125 0.973422029443813 0.250342230440148 0.759245582410745
1.3359375 0.97534322131811 0.241482889379882 0.766857991732472
1.34375 0.977195199590373 0.232623548319615 0.774485140000085
1.3515625 0.978977964260604 0.223764207259349 0.782126486482317
1.359375 0.980691515328801 0.214904866199083 0.789781490447902
1.3671875 0.982335852794964 0.206045525138816 0.797449611165574
1.375 0.983910976659095 0.19718618407855 0.805130307904068
1.3828125 0.985416886921192 0.188326843018283 0.812823039932117
1.390625 0.986853583581255 0.179467501958017 0.820527266518456
1.3984375 0.988221066639286 0.17060816089775 0.828242446931819
1.40625 0.989519336095283 0.161748819837484 0.83596804044094
1.4140625 0.990748391949246 0.152889478777217 0.843703506314552
1.421875 0.991908234201177 0.144030137716951 0.851448303821391
1.4296875 0.992998862851074 0.135170796656685 0.859201892230191
1.4375 0.994020277898937 0.126311455596418 0.866963730809684
1.4453125 0.994972479344768 0.117452114536152 0.874733278828606
1.453125 0.995855467188565 0.108592773475885 0.882509995555691
1.4609375 0.996669241430329 0.0997334324156188 0.890293340259672
1.46875 0.997413802070059 0.0908740913553523 0.898082772209284
1.4765625 0.998089149107756 0.0820147502950859 0.905877750673262
1.484375 0.99869528254342 0.0731554092348194 0.913677734920338
1.4921875 0.99923220237705 0.064296068174553 0.921482184219247
1.5 0.999699908608647 0.0554367271142866 0.929290557838724
1.5078125 1.00009840123821 0.0465773860540202 0.937102315047502
1.515625 1.00042768026574 0.0377180449937537 0.944916915114316
1.5234375 1.00068774569124 0.0288587039334873 0.952733817307899
1.53125 1.0008785975147 0.0199993628732208 0.960552480896986
1.5390625 1.00100023573613 0.0111400218129544 0.968372365150311
1.546875 1.00105266035553 0.00228068075268795 0.976192929336608
1.5546875 1.00103587137289 -0.00657866030757848 0.984013632724611
1.5625 1.00094986878822 -0.0154380013678449 0.991833934583054
1.5703125 1.00079465260152 -0.0242973424281114 0.999653294180671
1.578125 1.00057022281278 -0.0331566834883778 1.0074711707862
1.5859375 1.00027657942201 -0.0420160245486442 1.01528702366837
1.59375 0.999913722429211 -0.0508753656089106 1.02310031209591
1.6015625 0.999482012378376 -0.0592732103483929 1.03091049552535
1.609375 0.998993347221528 -0.065825069804738 1.03871707322327
1.6171875 0.998453495662677 -0.0723769292610831 1.04651963327776
1.625 0.997862457701823 -0.0789287887174282 1.05431777579508
1.6328125 0.997220233338967 -0.0854806481737733 1.06211110088143
1.640625 0.996526822574108 -0.0920325076301184 1.06989920864307
1.6484375 0.995782225407246 -0.0985843670864635 1.07768169918623
1.65625 0.994986441838382 -0.105136226542809 1.08545817261714
1.6640625 0.994139471867515 -0.111688085999154 1.09322822904204
1.671875 0.993241315494645 -0.118239945455499 1.10099146856715
1.6796875 0.992291972719773 -0.124791804911844 1.10874749129872
1.6875 0.991291443542898 -0.131343664368189 1.11649589734297
1.6953125 0.99023972796402 -0.137895523824534 1.12423628680615
1.703125 0.989136825983139 -0.144447383280879 1.13196825979449
1.7109375 0.987982737600256 -0.150999242737224 1.13969141641422
1.71875 0.98677746281537 -0.157551102193569 1.14740535677157
1.7265625 0.985521001628482 -0.164102961649915 1.15510968097279
1.734375 0.98421335403959 -0.17065482110626 1.16280398912409
1.7421875 0.982854520048696 -0.177206680562605 1.17048788133173
1.75 0.9814444996558 -0.18375854001895 1.17816095770193
1.7578125 0.9799832928609 -0.190310399475295 1.18582281834093
1.765625 0.978470899663998 -0.19686225893164 1.19347306335496
1.7734375 0.976907320065093 -0.203414118387985 1.20111129285026
1.78125 0.975292554064186 -0.20996597784433 1.20873710693306
1.7890625 0.973626601661276 -0.216517837300675 1.21635010570959
1.796875 0.971909462856363 -0.22306969675702 1.22394988928609
1.8046875 0.970141137649447 -0.229621556213366 1.2315360577688
1.8125 0.968321626040529 -0.236173415669711 1.23910821126395
1.8203125 0.966450928029608 -0.242725275126056 1.24666594987776
1.828125 0.964529043616684 -0.249277134582401 1.25420887371649
1.8359375 0.962555972801758 -0.255828994038746 1.26173658288635
1.84375 0.960531715584829 -0.262380853495091 1.26924867749359
1.8515625 0.958456271965897 -0.268932712951436 1.27674475764444
1.859375 0.956329641944963 -0.275484572407781 1.28422442344514
1.8671875 0.954151825522026 -0.282036431864126 1.29168727500191
1.875 0.951922822697086 -0.288588291320471 1.299132912421
1.8828125 0.949642633470143 -0.295140150776817 1.30656093580863
1.890625 0.947311257841198 -0.301692010233162 1.31397094527105
1.8984375 0.94492869581025 -0.308243869689507 1.32136254091448
1.90625 0.942494947377299 -0.314795729145852 1.32873532284516
1.9140625 0.940010012542346 -0.321347588602197 1.33608889116933
1.921875 0.93747389130539 -0.327899448058542 1.34342284599321
1.9296875 0.934886583666431 -0.334451307514887 1.35073678742305
1.9375 0.93224808962547 -0.341003166971232 1.35803031556508
1.9453125 0.929558409182506 -0.347555026427577 1.36530303052553
1.953125 0.926817542337539 -0.354106885883923 1.37255453241063
1.9609375 0.92402548909057 -0.360658745340268 1.37978442132663
1.96875 0.921182249441597 -0.367210604796613 1.38699229737975
1.9765625 0.918287823390623 -0.373762464252958 1.39417776067623
1.984375 0.915342210937645 -0.380314323709303 1.40134041132231
1.9921875 0.912345412082665 -0.386866183165648 1.40847984942421
2 0.909297426825682 -0.393418042621993 1.41559567508818
2.0078125 0.906194678510968 -0.400885525944819 1.42268747910623
2.015625 0.903033590482794 -0.408353009267644 1.42975481501357
2.0234375 0.899814162741161 -0.41582049259047 1.43679722703119
2.03125 0.896536395286068 -0.423287975913295 1.44381425938007
2.0390625 0.893200288117515 -0.430755459236121 1.4508054562812
2.046875 0.889805841235503 -0.438222942558946 1.45777036195557
2.0546875 0.886353054640032 -0.445690425881772 1.46470852062416
2.0625 0.882841928331101 -0.453157909204598 1.47161947650798
2.0703125 0.87927246230871 -0.460625392527423 1.478502773828
2.078125 0.87564465657286 -0.468092875850249 1.48535795680522
2.0859375 0.87195851112355 -0.475560359173074 1.49218456966061
2.09375 0.86821402596078 -0.4830278424959 1.49898215661518
2.1015625 0.864411201084551 -0.490495325818725 1.50575026188991
2.109375 0.860550036494863 -0.497962809141551 1.51248842970579
2.1171875 0.856630532191715 -0.505430292464376 1.51919620428381
2.125 0.852652688175107 -0.512897775787202 1.52587312984495
2.1328125 0.84861650444504 -0.520365259110027 1.53251875061021
2.140625 0.844521981001513 -0.527832742432853 1.53913261080057
2.1484375 0.840369117844526 -0.535300225755678 1.54571425463702
2.15625 0.83615791497408 -0.542767709078504 1.55226322634055
2.1640625 0.831888372390175 -0.55023519240133 1.55877907013215
2.171875 0.82756049009281 -0.557702675724155 1.56526133023281
2.1796875 0.823174268081985 -0.565170159046981 1.57170955086352
2.1875 0.818729706357701 -0.572637642369806 1.57812327624525
2.1953125 0.814226804919957 -0.580105125692632 1.58450205059902
2.203125 0.809665563768753 -0.587572609015457 1.59084541814579
2.2109375 0.80504598290409 -0.595040092338283 1.59715292310657
2.21875 0.800368062325967 -0.602507575661108 1.60342410970233
2.2265625 0.795631802034385 -0.609975058983934 1.60965852215407
2.234375 0.790837202029344 -0.61744254230676 1.61585570468278
2.2421875 0.785984262310842 -0.624910025629585 1.62201520150944
2.25 0.781072982878881 -0.632377508952411 1.62813655685505
2.2578125 0.776103363733461 -0.639844992275236 1.63421931494059
2.265625 0.771075404874581 -0.647312475598062 1.64026301998705
2.2734375 0.765989106302241 -0.654779958920887 1.64626721621542
2.28125 0.760844468016442 -0.662247442243713 1.65223144784668
2.2890625 0.755641490017183 -0.669714925566538 1.65815525910184
2.296875 0.750380172304465 -0.677182408889364 1.66403819420187
2.3046875 0.745060514878287 -0.684649892212189 1.66987979736776
2.3125 0.739682517738649 -0.692117375535015 1.6756796128205
2.3203125 0.734246180885552 -0.69958485885784 1.68143718478109
2.328125 0.728751504318995 -0.707052342180666 1.6871520574705
2.3359375 0.723198488038979 -0.714519825503492 1.69282377510973
2.34375 0.717587132045503 -0.721987308826317 1.69845188191977
2.3515625 0.711917436338568 -0.729454792149143 1.70403592212161
2.359375 0.706189400918173 -0.736922275471968 1.70957543993623
2.3671875 0.700403025784319 -0.744389758794794 1.71506997958462
2.375 0.694558310937004 -0.751857242117619 1.72051908528777
2.3828125 0.688655256376231 -0.759324725440445 1.72592230126667
2.390625 0.682693862101997 -0.76679220876327 1.73127917174231
2.3984375 0.676674128114305 -0.774259692086096 1.73658924093568
2.40625 0.670607356482081 -0.778110513351831 1.74185207661374
2.4140625 0.66451685772249 -0.781057169103294 1.74706742056294
2.421875 0.658403338214842 -0.784003824854758 1.75223509256579
2.4296875 0.652266797959135 -0.786950480606221 1.75735491277268
2.4375 0.646107236955369 -0.789897136357684 1.76242670133403
2.4453125 0.639924655203546 -0.792843792109147 1.76745027840024
2.453125 0.633719052703664 -0.79579044786061 1.77242546412172
2.4609375 0.627490429455724 -0.798737103612073 1.77735207864887
2.46875 0.621238785459725 -0.801683759363536 1.7822299421321
2.4765625 0.614964120715669 -0.804630415114999 1.78705887472182
2.484375 0.608666435223554 -0.807577070866462 1.79183869656842
2.4921875 0.60234572898338 -0.810523726617925 1.79656922782232
2.5 0.596002001995148 -0.813470382369388 1.80125028863392
2.5078125 0.589635254258858 -0.816417038120851 1.80588169915363
2.515625 0.58324548577451 -0.819363693872314 1.81046327953185
2.5234375 0.576832696542104 -0.822310349623777 1.81499484991899
2.53125 0.570396886561639 -0.82525700537524 1.81947623046546
2.5390625 0.563938055833115 -0.828203661126703 1.82390724132165
2.546875 0.557456204356534 -0.831150316878166 1.82828770263799
2.5546875 0.550951332131894 -0.834096972629629 1.83261743456486
2.5625 0.544423439159196 -0.837043628381092 1.83689625725268
2.5703125 0.537872525438439 -0.839990284132555 1.84112399085186
2.578125 0.531298590969625 -0.842936939884018 1.84530045551279
2.5859375 0.524701635752752 -0.845883595635481 1.84942547138589
2.59375 0.51808165978782 -0.848830251386944 1.85349885862156
2.6015625 0.511438663074831 -0.851776907138407 1.85752043737021
2.609375 0.504772645613783 -0.854723562889871 1.86149002778224
2.6171875 0.498083607404676 -0.857670218641334 1.86540745000806
2.625 0.491371548447512 -0.860616874392797 1.86927252419808
2.6328125 0.484636468742289 -0.86356353014426 1.87308507050269
2.640625 0.477878368289008 -0.866510185895723 1.87684490907231
2.6484375 0.471097247087668 -0.869456841647186 1.88055186005734
2.65625 0.464293105138271 -0.872403497398649 1.88420574360819
2.6640625 0.457465942440815 -0.875350153150112 1.88780637987526
2.671875 0.4506157589953 -0.878296808901575 1.89135358900896
2.6796875 0.443742554801727 -0.881243464653038 1.8948471911597
2.6875 0.436846329860096 -0.884190120404501 1.89828700647788
2.6953125 0.429927084170407 -0.887136776155964 1.9016728551139
2.703125 0.422984817732659 -0.890083431907427 1.90500455721817
2.7109375 0.416019530546854 -0.89303008765889 1.90828193294111
2.71875 0.409031222612989 -0.895976743410353 1.9115048024331
2.7265625 0.402019893931067 -0.898923399161816 1.91467298584457
2.734375 0.394985544501086 -0.901870054913279 1.91778630332591
2.7421875 0.387928174323047 -0.904816710664742 1.92084457502754
2.75 0.380847783396949 -0.907763366416205 1.92384762109985
2.7578125 0.373744371722794 -0.910710022167668 1.92679526169325
2.765625 0.36661793930058 -0.913656677919131 1.92968731695815
2.7734375 0.359468486130307 -0.916603333670594 1.93252360704495
2.78125 0.352296012211976 -0.919549989422057 1.93530395210407
2.7890625 0.345100517545588 -0.92249664517352 1.9380281722859
2.796875 0.33788200213114 -0.925443300924984 1.94069608774086
2.8046875 0.330641490477598 -0.927952832852127 1.94330752022013
2.8125 0.323383194455143 -0.93017094889639 1.94586231542757
2.8203125 0.316107569401092 -0.932389064940654 1.94836033750581
2.828125 0.308814615315445 -0.934607180984917 1.95080145107178
2.8359375 0.301504332198202 -0.93682529702918 1.95318552074242
2.84375 0.294176720049364 -0.939043413073444 1.95551241113469
2.8515625 0.28683177886893 -0.941261529117707 1.95778198686551
2.859375 0.2794695086569 -0.943479645161971 1.95999411255183
2.8671875 0.272089909413274 -0.945697761206234 1.96214865281059
2.875 0.264692981138052 -0.947915877250498 1.96424547225872
2.8828125 0.257278723831235 -0.950133993294761 1.96628443551318
2.890625 0.249847137492822 -0.952352109339024 1.9682654071909
2.8984375 0.242398222122813 -0.954570225383288 1.97018825190882
2.90625 0.234931977721208 -0.956788341427551 1.97205283428388
2.9140625 0.227448404288007 -0.959006457471815 1.97385901893303
2.921875 0.219947501823211 -0.961224573516078 1.9756066704732
2.9296875 0.212429270326819 -0.963442689560341 1.97729565352133
2.9375 0.204893709798831 -0.965660805604605 1.97892583269437
2.9453125 0.197340820239247 -0.967878921648868 1.98049707260925
2.953125 0.189770601648067 -0.970097037693132 1.98200923788292
2.9609375 0.182183054025291 -0.972315153737395 1.98346219313231
2.96875 0.17457817737092 -0.974533269781658 1.98485580297438
2.9765625 0.166955971684953 -0.976751385825922 1.98618993202605
2.984375 0.15931643696739 -0.978969501870185 1.98746444490427
2.9921875 0.151659573218231 -0.981187617914449 1.98867920622598
3 0.143985380437477 -0.983405733958712 1.98983408060812
3.0078125 0.136293858625126 -0.985623850002976 1.99092893266763
3.015625 0.12858500778118 -0.987841966047239 1.99196362702145
3.0234375 0.120858827905638 -0.990060082091502 1.99293802828652
3.03125 0.113115318998501 -0.992278198135766 1.99385200107979
3.0390625 0.105354481059767 -0.994496314180029 1.99470541001819
3.046875 0.0975763140894377 -0.996714430224293 1.99549811971866
3.0546875 0.0897808180875125 -0.998932546268556 1.99622999479815
3.0625 0.0819679930539915 -1.00115066231282 1.99690089987359
3.0703125 0.0741378389888747 -1.00336877835708 1.99751069956193
3.078125 0.0662903558921621 -1.00558689440135 1.99805925848011
3.0859375 0.0584255437638536 -1.00780501044561 1.99854644124506
3.09375 0.0505434026039494 -1.01002312648987 1.99897211247373
3.1015625 0.0426439324124494 -1.01224124253414 1.99933613678306
3.109375 0.0347271331893535 -1.0144593585784 1.99963837878999
3.1171875 0.0267930049346619 -1.01667747462266 1.99987870311146
3.125 0.0188415476483744 -1.01889559066693 2.0000569743644
3.1328125 0.0108727613304911 -1.02111370671119 2.00017305716578
3.140625 0.00288664598101209 -1.02333182275545 2.00022681613251
3.1484375 -0.00511679840006281 -1.02554993879972 2.00021811588154
3.15625 -0.0131375718127335 -1.02776805484398 2.00014682102982
3.1640625 -0.021175674257 -1.02998617088824 2.00001279619428
3.171875 -0.0292311057328623 -1.03220428693251 1.99981590599187
3.1796875 -0.0373038662403204 -1.03442240297677 1.99955601503952
3.1875 -0.0453939557793743 -1.03664051902103 1.99923298795418
3.1953125 -0.0535013743500241 -1.0388586350653 1.99884668935278
3.203125 -0.0616227868075978 -1.03894225851961 1.99839698732638
3.2109375 -0.0697273430638814 -1.035824143089 1.99788388502201
3.21875 -0.0778075390433634 -1.03270602765839 1.99730756102923
3.2265625 -0.0858633747460437 -1.02958791222777 1.99666820566268
3.234375 -0.0938948501719224 -1.02646979679716 1.99596600923704
3.2421875 -0.101901965320999 -1.02335168136655 1.99520116206697
3.25 -0.109884720193275 -1.02023356593594 1.99437385446712
3.2578125 -0.117843114788748 -1.01711545050532 1.99348427675217
3.265625 -0.12577714910742 -1.01399733507471 1.99253261923677
3.2734375 -0.133686823149291 -1.0108792196441 1.99151907223559
3.28125 -0.141572136914359 -1.00776110421349 1.99044382606328
3.2890625 -0.149433090402627 -1.00464298878288 1.98930707103452
3.296875 -0.157269683614092 -1.00152487335226 1.98810899746396
3.3046875 -0.165081916548756 -0.998406757921651 1.98684979566627
3.3125 -0.172869789206618 -0.995288642491039 1.98552965595611
3.3203125 -0.180633301587678 -0.992170527060427 1.98414876864814
3.328125 -0.188372453691937 -0.989052411629814 1.98270732405702
3.3359375 -0.196087245519394 -0.985934296199202 1.98120551249742
3.34375 -0.203777677070049 -0.98281618076859 1.979643524284
3.3515625 -0.211443748343903 -0.979698065337978 1.97802154973142
3.359375 -0.219085459340955 -0.976579949907365 1.97633977915435
3.3671875 -0.226702810061206 -0.973461834476753 1.97459840286744
3.375 -0.234295800504655 -0.970343719046141 1.97279761118536
3.3828125 -0.241864430671302 -0.967225603615528 1.97093759442278
3.390625 -0.249408700561147 -0.964107488184916 1.96901854289435
3.3984375 -0.256928610174191 -0.960989372754304 1.96704064691473
3.40625 -0.264424159510433 -0.957871257323691 1.96500409679859
3.4140625 -0.271895348569874 -0.954753141893079 1.9629090828606
3.421875 -0.279342177352513 -0.951635026462467 1.96075579541541
3.4296875 -0.28676464585835 -0.948516911031855 1.95854442477769
3.4375 -0.294162754087385 -0.945398795601242 1.95627516126209
3.4453125 -0.301536502039619 -0.94228068017063 1.95394819518329
3.453125 -0.308885889715051 -0.939162564740018 1.95156371685595
3.4609375 -0.316210917113682 -0.936044449309406 1.94912191659472
3.46875 -0.323511584235511 -0.932926333878793 1.94662298471427
3.4765625 -0.330787891080538 -0.929808218448181 1.94406711152926
3.484375 -0.338039837648764 -0.926690103017569 1.94145448735435
3.4921875 -0.345267423940188 -0.923571987586956 1.93878530250422
3.5 -0.35247064995481 -0.920453872156344 1.93605974729351
3.5078125 -0.35964951569263 -0.917335756725732 1.93327801203689
3.515625 -0.366804021153649 -0.91421764129512 1.93044028704903
3.5234375 -0.373934166337867 -0.911099525864507 1.92754676264459
3.53125 -0.381039951245282 -0.907981410433895 1.92459762913822
3.5390625 -0.388121375875896 -0.904863295003283 1.9215930768446
3.546875 -0.395178440229709 -0.901745179572671 1.91853329607838
3.5546875 -0.402211144306719 -0.898627064142058 1.91541847715423
3.5625 -0.409219488106928 -0.895508948711446 1.91224881038681
3.5703125 -0.416203471630336 -0.892390833280834 1.90902448609078
3.578125 -0.423163094876941 -0.889272717850221 1.90574569458081
3.5859375 -0.430098357846745 -0.886154602419609 1.90241262617155
3.59375 -0.437009260539748 -0.883036486988997 1.89902547117768
3.6015625 -0.443895711323199 -0.879801081639727 1.89558441996157
3.609375 -0.450754686316385 -0.876096516615828 1.89208967300339
3.6171875 -0.457584719395322 -0.872391951591929 1.88854145335744
3.625 -0.464385810560009 -0.86868738656803 1.88493998713241
3.6328125 -0.471157959810447 -0.864982821544131 1.88128550043701
3.640625 -0.477901167146636 -0.861278256520231 1.87757821937994
3.6484375 -0.484615432568576 -0.857573691496332 1.87381837006991
3.65625 -0.491300756076266 -0.853869126472433 1.87000617861562
3.6640625 -0.497957137669708 -0.850164561448534 1.86614187112579
3.671875 -0.5045845773489 -0.846459996424635 1.8622256737091
3.6796875 -0.511183075113842 -0.842755431400736 1.85825781247428
3.6875 -0.517752630964536 -0.839050866376837 1.85423851353002
3.6953125 -0.524293244900981 -0.835346301352938 1.85016800298503
3.703125 -0.530804916923176 -0.831641736329039 1.84604650694801
3.7109375 -0.537287647031122 -0.827937171305139 1.84187425152767
3.71875 -0.543741435224819 -0.82423260628124 1.83765146283272
3.7265625 -0.550166281504266 -0.820528041257341 1.83337836697185
3.734375 -0.556562185869465 -0.816823476233442 1.82905519005378
3.7421875 -0.562929148320414 -0.813118911209543 1.82468215818721
3.75 -0.569267168857114 -0.809414346185644 1.82025949748084
3.7578125 -0.575576247479564 -0.805709781161745 1.81578743404338
3.765625 -0.581856384187766 -0.802005216137846 1.81126619398354
3.7734375 -0.588107578981718 -0.798300651113947 1.80669600341002
3.78125 -0.594329831861421 -0.794596086090047 1.80207708843152
3.7890625 -0.600523142826875 -0.790891521066148 1.79740967515675
3.796875 -0.60668751187808 -0.787186956042249 1.79269398969442
3.8046875 -0.612822939015035 -0.78348239101835 1.78793025815323
3.8125 -0.618929424237742 -0.779777825994451 1.78311870664188
3.8203125 -0.625006967546199 -0.776073260970552 1.77825956126908
3.828125 -0.631055568940406 -0.772368695946653 1.77335304814354
3.8359375 -0.637075228420365 -0.768664130922754 1.76839939337395
3.84375 -0.643065945986075 -0.764959565898854 1.76339882306904
3.8515625 -0.649027721637535 -0.761255000874955 1.75835156333749
3.859375 -0.654960555374746 -0.757550435851056 1.75325784028802
3.8671875 -0.660864447197708 -0.753845870827157 1.74811788002933
3.875 -0.66673939710642 -0.750141305803258 1.74293190867012
3.8828125 -0.672585405100883 -0.746436740779359 1.73770015231911
3.890625 -0.678402471181098 -0.74273217575546 1.73242283708499
3.8984375 -0.684190595347062 -0.739027610731561 1.72710018907647
3.90625 -0.689949777598778 -0.735323045707662 1.72173243440226
3.9140625 -0.695680017936245 -0.731618480683762 1.71631979917106
3.921875 -0.701381316359462 -0.727913915659863 1.71086250949158
3.9296875 -0.70705367286843 -0.724209350635964 1.70536079147251
3.9375 -0.712697087463149 -0.720504785612065 1.69981487122257
3.9453125 -0.718311560143619 -0.716800220588166 1.69422497485047
3.953125 -0.723897090909839 -0.713095655564267 1.6885913284649
3.9609375 -0.72945367976181 -0.709391090540368 1.68291415817457
3.96875 -0.734981326699532 -0.705686525516469 1.67719369008819
3.9765625 -0.740480031723005 -0.701981960492569 1.67143015031446
3.984375 -0.745949794832229 -0.69827739546867 1.66562376496208
3.9921875 -0.751390616027203 -0.694572830444771 1.65977476013977
4 -0.756802495307928 -0.690868265420872 1.65388336195623
4.0078125 -0.762168795642184 -0.682904620148727 1.64794983984576
4.015625 -0.767472879997752 -0.674940974876583 1.6419746365451
4.0234375 -0.772714748374631 -0.666977329604438 1.63595823811657
4.03125 -0.777894400772821 -0.659013684332294 1.62990113062252
4.0390625 -0.783011837192323 -0.651050039060149 1.62380380012528
4.046875 -0.788067057633136 -0.643086393788004 1.61766673268717
4.0546875 -0.793060062095261 -0.63512274851586 1.61149041437054
4.0625 -0.797990850578697 -0.627159103243715 1.60527533123771
4.0703125 -0.802859423083444 -0.61919545797157 1.59902196935102
4.078125 -0.807665779609502 -0.611231812699426 1.59273081477281
4.0859375 -0.812409920156872 -0.603268167427281 1.5864023535654
4.09375 -0.817091844725554 -0.595304522155136 1.58003707179113
4.1015625 -0.821711553315546 -0.587340876882992 1.57363545551234
4.109375 -0.82626904592685 -0.579377231610847 1.56719799079136
4.1171875 -0.830764322559466 -0.571413586338702 1.56072516369051
4.125 -0.835197383213393 -0.563449941066558 1.55421746027214
4.1328125 -0.839568227888631 -0.555486295794413 1.54767536659858
4.140625 -0.84387685658518 -0.547522650522269 1.54109936873216
4.1484375 -0.848123269303041 -0.539559005250124 1.53448995273522
4.15625 -0.852307466042213 -0.531595359977979 1.52784760467008
4.1640625 -0.856429446802697 -0.523631714705835 1.52117281059908
4.171875 -0.860489211584492 -0.51566806943369 1.51446605658456
4.1796875 -0.864486760387599 -0.507704424161545 1.50772782868885
4.1875 -0.868422093212016 -0.499740778889401 1.50095861297429
4.1953125 -0.872295210057745 -0.491777133617256 1.49415889550319
4.203125 -0.876106110924786 -0.483813488345111 1.48732916233791
4.2109375 -0.879854795813138 -0.475849843072967 1.48046989954077
4.21875 -0.883541264722801 -0.467886197800822 1.47358159317411
4.2265625 -0.887165517653776 -0.459922552528677 1.46666472930026
4.234375 -0.890727554606062 -0.451958907256533 1.45971979398155
4.2421875 -0.894227375579659 -0.443995261984388 1.45274727328031
4.25 -0.897664980574568 -0.436031616712243 1.44574765325889
4.2578125 -0.901040369590788 -0.428067971440099 1.43872141997961
4.265625 -0.904353542628319 -0.420104326167954 1.43166905950481
4.2734375 -0.907604499687162 -0.41214068089581 1.42459105789682
4.28125 -0.910793240767316 -0.404177035623665 1.41748790121798
4.2890625 -0.913919765868782 -0.39621339035152 1.41036007553061
4.296875 -0.916984074991559 -0.388249745079376 1.40320806689706
4.3046875 -0.919986168135647 -0.380286099807231 1.39603236137965
4.3125 -0.922926045301047 -0.372322454535086 1.38883344504072
4.3203125 -0.925803706487758 -0.364358809262942 1.3816118039426
4.328125 -0.92861915169578 -0.356395163990797 1.37436792414762
4.3359375 -0.931372380925114 -0.348431518718652 1.36710229171813
4.34375 -0.934063394175759 -0.340467873446508 1.35981539271645
4.3515625 -0.936692191447716 -0.332504228174363 1.35250771320491
4.359375 -0.939258772740984 -0.324540582902218 1.34517973924585
4.3671875 -0.941763138055563 -0.316576937630074 1.33783195690161
4.375 -0.944205287391453 -0.308613292357929 1.33046485223451
4.3828125 -0.946585220748655 -0.300649647085785 1.3230789113069
4.390625 -0.948902938127169 -0.29268600181364 1.31567462018109
4.3984375 -0.951158439526994 -0.284722356541495 1.30825246491944
4.40625 -0.953354864208759 -0.277763274670777 1.30081292504414
4.4140625 -0.955498686897514 -0.271055333650416 1.29335643174177
4.421875 -0.957590103797047 -0.264347392630054 1.28588339453477
4.4296875 -0.959629114907358 -0.257639451609693 1.27839422284335
4.4375 -0.961615720228448 -0.250931510589331 1.27088932608775
4.4453125 -0.963549919760317 -0.24422356956897 1.26336911368819
4.453125 -0.965431713502964 -0.237515628548608 1.25583399506491
4.4609375 -0.967261101456389 -0.230807687528247 1.24828437963812
4.46875 -0.969038083620592 -0.224099746507885 1.24072067682806
4.4765625 -0.970762659995574 -0.217391805487524 1.23314329605496
4.484375 -0.972434830581335 -0.210683864467162 1.22555264673904
4.4921875 -0.974054595377874 -0.203975923446801 1.21794913830053
4.5 -0.975621954385191 -0.197267982426439 1.21033318015967
4.5078125 -0.977136907603287 -0.190560041406078 1.20270518173667
4.515625 -0.978599455032161 -0.183852100385716 1.19506555245178
4.5234375 -0.980009596671814 -0.177144159365355 1.18741470172521
4.53125 -0.981367332522245 -0.170436218344993 1.17975303897719
4.5390625 -0.982672662583454 -0.163728277324632 1.17208097362796
4.546875 -0.983925586855442 -0.15702033630427 1.16439891509773
4.5546875 -0.985126105338208 -0.150312395283909 1.15670727280675
4.5625 -0.986274218031753 -0.143604454263547 1.14900645617523
4.5703125 -0.987369924936076 -0.136896513243186 1.14129687462341
4.578125 -0.988413226051178 -0.130188572222824 1.13357893757152
4.5859375 -0.989404121377058 -0.123480631202463 1.12585305443977
4.59375 -0.990342610913717 -0.116772690182101 1.11811963464841
4.6015625 -0.991228694661153 -0.11006474916174 1.11037908761765
4.609375 -0.992062372619369 -0.103356808141378 1.10263182276774
4.6171875 -0.992843644788363 -0.0966488671210166 1.09487824951889
4.625 -0.993572511168135 -0.0899409261006551 1.08711877729133
4.6328125 -0.994248971758685 -0.0832329850802936 1.07935381550529
4.640625 -0.994873026560014 -0.0765250440599321 1.07158377358101
4.6484375 -0.995444675572122 -0.0698171030395706 1.0638090609387
4.65625 -0.995963918795007 -0.0631091620192091 1.0560300869986
4.6640625 -0.996430756228672 -0.0564012209988476 1.04824726118094
4.671875 -0.996845187873114 -0.0496932799784861 1.04046099290594
4.6796875 -0.997207213728336 -0.0429853389581246 1.03267169159383
4.6875 -0.997516833794335 -0.0362773979377631 1.02487976666484
4.6953125 -0.997774048071113 -0.0295694569174016 1.01708562753921
4.703125 -0.997978856558669 -0.0228615158970401 1.00928968363714
4.7109375 -0.998131259257004 -0.0161535748766786 1.00149234437889
4.71875 -0.998231256166118 -0.00944563385631714 0.993694019184662
4.7265625 -0.998278847286009 -0.00273769283595565 0.9858951174747
4.734375 -0.99827403261668 0.00397024818440589 0.978096048669227
4.7421875 -0.998216812158128 0.0106781892047674 0.970297222188473
4.75 -0.998107185910355 0.0173861302251289 0.962499047452666
4.7578125 -0.99794515387336 0.0240940712454903 0.954701933882034
4.765625 -0.997730716047144 0.0308020122658519 0.946906290896804
4.7734375 -0.997463872431706 0.0375099532862134 0.939112527917206
4.78125 -0.997144623027047 0.0442178943065749 0.931321054363468
4.7890625 -0.996772967833166 0.0509258353269363 0.923532279655818
4.796875 -0.996348906850064 0.0576337763472979 0.915746613214484
4.8046875 -0.995869708072373 0.0655073729906091 0.907964468728454
4.8125 -0.995324139922478 0.0741580733825535 0.900186323759986
4.8203125 -0.994710988175771 0.0828087737744979 0.892412705041115
4.828125 -0.994030252832252 0.0914594741664423 0.88464414056869
4.8359375 -0.99328193389192 0.100110174558387 0.876881158339561
4.84375 -0.992466031354777 0.108760874950331 0.869124286350579
4.8515625 -0.991582545220821 0.117411575342275 0.861374052598593
4.859375 -0.990631475490054 0.12606227573422 0.853630985080453
4.8671875 -0.989612822162474 0.134712976126164 0.845895611793011
4.875 -0.988526585238083 0.143363676518109 0.838168460733115
4.8828125 -0.987372764716879 0.152014376910053 0.830450059897616
4.890625 -0.986151360598863 0.160665077301997 0.822740937283364
4.8984375 -0.984862372884035 0.169315777693942 0.815041620887208
4.90625 -0.983505801572395 0.177966478085886 0.807352638706001
4.9140625 -0.982081646663943 0.18661717847783 0.79967451873659
4.921875 -0.980589908158679 0.195267878869775 0.792007788975826
4.9296875 -0.979030586056603 0.203918579261719 0.784352977420561
4.9375 -0.977403680357715 0.212569279653664 0.776710612067642
4.9453125 -0.975709191062014 0.221219980045608 0.769081220913921
4.953125 -0.973947118169502 0.229870680437552 0.761465331956248
4.9609375 -0.972117461680178 0.238521380829497 0.753863473191473
4.96875 -0.970220221594041 0.247172081221441 0.746276172616445
4.9765625 -0.968255397911092 0.255822781613385 0.738703958228016
4.984375 -0.966222990631332 0.26447348200533 0.731147358023035
4.9921875 -0.964122999754759 0.273124182397274 0.723606899998351
5 -0.961955425281375 0.281774882789219 0.716083112150816
5.0078125 -0.959720267211178 0.290425583181163 0.70857652247728
5.015625 -0.957417525544169 0.299076283573107 0.701087658974592
5.0234375 -0.955047200280348 0.307726983965052 0.693617049639602
5.03125 -0.952609291419715 0.316377684356996 0.686165222469161
5.0390625 -0.95010379896227 0.32502838474894 0.678732705460119
5.046875 -0.947530722908013 0.333679085140885 0.671320026609326
5.0546875 -0.944890063256944 0.342329785532829 0.663927713913632
5.0625 -0.942181820009062 0.350980485924774 0.656556295369886
5.0703125 -0.939405993164369 0.359631186316718 0.64920629897494
5.078125 -0.936562582722864 0.368281886708662 0.641878252725643
5.0859375 -0.933651588684546 0.376932587100607 0.634572684618845
5.09375 -0.930673011049417 0.385583287492551 0.627290122651397
5.1015625 -0.927626849817475 0.394233987884496 0.620031094820148
5.109375 -0.924513104988721 0.40288468827644 0.612796129121949
5.1171875 -0.921331776563156 0.411535388668384 0.60558575355365
5.125 -0.918082864540778 0.420186089060329 0.5984004961121
5.1328125 -0.914766368921588 0.428836789452273 0.59124088479415
5.140625 -0.911382289705586 0.437487489844217 0.58410744759665
5.1484375 -0.907930626892772 0.446138190236162 0.57700071251645
5.15625 -0.904411380483146 0.454788890628106 0.5699212075504
5.1640625 -0.900824550476708 0.463439591020051 0.562869460695351
5.171875 -0.897170136873458 0.472090291411995 0.555845999948152
5.1796875 -0.893448139673396 0.480740991803939 0.548851353305653
5.1875 -0.889658558876521 0.489391692195884 0.541886048764705
5.1953125 -0.885801394482835 0.498042392587828 0.534950614322158
5.203125 -0.881878946802352 0.505220894569816 0.528045575578705
5.2109375 -0.877912493702716 0.510191098936871 0.521171364984465
5.21875 -0.873907210881463 0.515161303303925 0.514328293983666
5.2265625 -0.869863098338593 0.520131507670979 0.507516665933509
5.234375 -0.865780156074104 0.525101712038033 0.500736784191193
5.2421875 -0.861658384087998 0.530071916405087 0.493988952113918
5.25 -0.857497782380275 0.535042120772141 0.487273473058884
5.2578125 -0.853298350950934 0.540012325139195 0.480590650383293
5.265625 -0.849060089799975 0.544982529506249 0.473940787444343
5.2734375 -0.844782998927398 0.549952733873303 0.467324187599235
5.28125 -0.840467078333205 0.554922938240357 0.460741154205169
5.2890625 -0.836112328017393 0.559893142607412 0.454191990619345
5.296875 -0.831718747979964 0.564863346974466 0.447677000198964
5.3046875 -0.827286338220917 0.56983355134152 0.441196486301225
5.3125 -0.822815098740252 0.574803755708574 0.434750752283329
5.3203125 -0.81830502953797 0.579773960075628 0.428340101502475
5.328125 -0.813756130614071 0.584744164442682 0.421964837315865
5.3359375 -0.809168401968554 0.589714368809736 0.415625263080697
5.34375 -0.804541843601419 0.59468457317679 0.409321682154173
5.3515625 -0.799876455512666 0.599654777543844 0.403054397893492
5.359375 -0.795172237702296 0.604624981910898 0.396823713655854
5.3671875 -0.790429190170308 0.609595186277953 0.39062993279846
5.375 -0.785647312916703 0.614565390645007 0.38447335867851
5.3828125 -0.78082660594148 0.619535595012061 0.378354294653203
5.390625 -0.77596706924464 0.624505799379115 0.372273044079741
5.3984375 -0.771068702826182 0.629476003746169 0.366229910315322
5.40625 -0.766131506686106 0.634446208113223 0.360225196717148
5.4140625 -0.761155480824412 0.639416412480277 0.354259206642419
5.421875 -0.756140625241101 0.644386616847331 0.348332243448334
5.4296875 -0.751086939936173 0.649356821214385 0.342444610492093
5.4375 -0.745994424909627 0.654327025581439 0.336596611130898
5.4453125 -0.740863080161463 0.659297229948494 0.330788548721947
5.453125 -0.735692905691682 0.664267434315548 0.325020726622441
5.4609375 -0.730483901500282 0.669237638682602 0.319293448189581
5.46875 -0.725236067587266 0.674207843049656 0.313607016780566
5.4765625 -0.719949403952632 0.67917804741671 0.307961735752597
5.484375 -0.71462391059638 0.684148251783764 0.302357908462873
5.4921875 -0.70925958751851 0.689118456150818 0.296795838268595
5.5 -0.703856434719023 0.694088660517872 0.291275828526963
5.5078125 -0.698414452197918 0.699058864884926 0.285798182595177
5.515625 -0.692933639955196 0.70402906925198 0.280363203830437
5.5234375 -0.687413997990856 0.708999273619034 0.274971195589944
5.53125 -0.681855526304899 0.713969477986089 0.269622461230897
5.5390625 -0.676258224897324 0.718939682353143 0.264317304110497
5.546875 -0.670622093768131 0.723909886720197 0.259056027585943
5.5546875 -0.664947132917321 0.728880091087251 0.253838935014436
5.5625 -0.659233342344893 0.733850295454305 0.248666329753177
5.5703125 -0.653480722050847 0.738820499821359 0.243538515159364
5.578125 -0.647689272035184 0.743790704188413 0.238455794590199
5.5859375 -0.641858992297903 0.748760908555467 0.233418471402881
5.59375 -0.635989882839005 0.753731112922521 0.228426848954611
5.6015625 -0.6300819761088 0.758659780890909 0.223481230585687
5.609375 -0.624136342967568 0.763422303264633 0.218581916053354
5.6171875 -0.61815350262029 0.768184825638357 0.213729197120585
5.625 -0.612133455066968 0.77294734801208 0.208923364468677
5.6328125 -0.606076200307602 0.777709870385804 0.204164708778929
5.640625 -0.59998173834219 0.782472392759527 0.199453520732637
5.6484375 -0.593850069170734 0.787234915133251 0.194790091011098
5.65625 -0.587681192793233 0.791997437506974 0.19017471029561
5.6640625 -0.581475109209687 0.796759959880698 0.185607669267469
5.671875 -0.575231818420097 0.801522482254422 0.181089258607974
5.6796875 -0.568951320424462 0.806285004628145 0.176619768998421
5.6875 -0.562633615222782 0.811047527001869 0.172199491120108
5.6953125 -0.556278702815058 0.815810049375593 0.167828715654331
5.703125 -0.549886583201289 0.820572571749316 0.163507733282388
5.7109375 -0.543457256381475 0.82533509412304 0.159236834685576
5.71875 -0.536990722355616 0.830097616496763 0.155016310545193
5.7265625 -0.530486981123713 0.834860138870487 0.150846451542536
5.734375 -0.523946032685765 0.83962266124421 0.146727548358901
5.7421875 -0.517367877041772 0.844385183617934 0.142659891675586
5.75 -0.510752514191735 0.849147705991658 0.138643772173889
5.7578125 -0.504099944135653 0.853910228365381 0.134679480535106
5.765625 -0.497410166873526 0.858672750739105 0.130767307440535
5.7734375 -0.490683182405354 0.863435273112828 0.126907543571473
5.78125 -0.483918990731138 0.868197795486552 0.123100479609217
5.7890625 -0.477117591850877 0.872960317860276 0.119346406235065
5.796875 -0.470278985764571 0.877722840233999 0.115645614130313
5.8046875 -0.46340317247222 0.882485362607723 0.111998393976259
5.8125 -0.456490151973825 0.887247884981446 0.1084050364542
5.8203125 -0.449539924269385 0.89201040735517 0.104865832245434
5.828125 -0.442552489358901 0.896772929728894 0.101381072031257
5.8359375 -0.435527847242371 0.901535452102617 0.0979510464929669
5.84375 -0.428465997919797 0.906297974476341 0.0945760463118607
5.8515625 -0.421366941391178 0.911060496850064 0.0912563621692358
5.859375 -0.414230677656515 0.915823019223788 0.0879922847463893
5.8671875 -0.407057206715807 0.920585541597512 0.0847841047246185
5.875 -0.399846528569054 0.925348063971235 0.0816321127852206
5.8828125 -0.392598643216256 0.930110586344959 0.0785365996094927
5.890625 -0.385313550657414 0.934873108718682 0.0754978558787323
5.8984375 -0.377991250892527 0.939635631092406 0.0725161722742364
5.90625 -0.370631743921595 0.94439815346613 0.0695918394773023
5.9140625 -0.363235029744619 0.949160675839853 0.0667251481692272
5.921875 -0.355801108361597 0.953923198213577 0.0639163890313084
5.9296875 -0.348329979772531 0.9586857205873 0.061165852744843
5.9375 -0.340821643977421 0.963448242961024 0.0584738299911283
5.9453125 -0.333276100976265 0.968210765334747 0.0558406114514616
5.953125 -0.325693350769065 0.972973287708471 0.0532664878071399
5.9609375 -0.318073393355821 0.977735810082195 0.0507517497394606
5.96875 -0.310416228736531 0.982498332455918 0.0482966879297209
5.9765625 -0.302721856911197 0.987260854829642 0.0459015930592181
5.984375 -0.294990277879818 0.992023377203366 0.0435667558092493
5.9921875 -0.287221491642394 0.996785899577089 0.0412924668611117
6 -0.279415498198926 1.00154842195081 0.0390790168961026
6.0078125 -0.271592676766499 1.00109386475053 0.0369266435246414
6.015625 -0.263773406562199 1.00063930755025 0.0348353720736361
6.0234375 -0.255957687586026 1.00018475034996 0.0328051747991171
6.03125 -0.248145519837981 0.999730193149677 0.0308360239571145
6.0390625 -0.240336903318062 0.999275635949394 0.0289278918036587
6.046875 -0.232531838026271 0.99882107874911 0.0270807505947799
6.0546875 -0.224730323962608 0.998366521548826 0.0252945725865083
6.0625 -0.216932361127071 0.997911964348542 0.0235693300348742
6.0703125 -0.209137949519662 0.997457407148259 0.0219049951959079
6.078125 -0.201347089140379 0.997002849947975 0.0203015403256396
6.0859375 -0.193559779989225 0.996548292747691 0.0187589376800996
6.09375 -0.185776022066197 0.996093735547407 0.0172771595153181
6.1015625 -0.177995815371296 0.995639178347123 0.0158561780873253
6.109375 -0.170219159904523 0.99518462114684 0.0144959656521517
6.1171875 -0.162446055665877 0.994730063946556 0.0131964944658273
6.125 -0.154676502655358 0.994275506746272 0.0119577367843824
6.1328125 -0.146910500872966 0.993820949545988 0.0107796648638474
6.140625 -0.139148050318702 0.993366392345705 0.00966225096025239
6.1484375 -0.131389150992565 0.992911835145421 0.00860546732962773
6.15625 -0.123633802894555 0.992457277945137 0.00760928622800365
6.1640625 -0.115882006024672 0.992002720744853 0.0066736799114104
6.171875 -0.108133760382916 0.991548163544569 0.00579862063587824
6.1796875 -0.100389065969288 0.991093606344286 0.00498408065743742
6.1875 -0.092647922783787 0.990639049144002 0.00423003223211819
6.1953125 -0.0849103308264131 0.990184491943718 0.00353644761595083
6.203125 -0.0771762900971664 0.989729934743434 0.00290329906496558
6.2109375 -0.0694458005960469 0.989275377543151 0.00233055883519269
6.21875 -0.0617188623230547 0.988820820342867 0.00181819918266243
6.2265625 -0.0539954752781897 0.988366263142583 0.00136619236340504
6.234375 -0.0462756394614518 0.987911705942299 0.000974510633450804
6.2421875 -0.0385593548728412 0.987457148742015 0.000643126248829957
6.25 -0.0308466215123578 0.987002591541732 0.000372011465572746
6.2578125 -0.0231374393800016 0.986548034341448 0.000161138539709442
6.265625 -0.0154318084757727 0.986093477141164 1.04797272703003E-05
6.2734375 -0.00772972879967097 0.98563891994088 -7.99927157144192E-05
6.28125 -3.12003516964861E-05 0.985184362740597 -0.000110306533214477
6.2890625 0.00766377686815084 0.984729805540313 -8.04894691995919E-05
6.296875 0.0153552028598709 0.984275248340029 9.43073236046865E-06
6.3046875 0.0230430776234638 0.983820691139745 0.000159426327495972
6.3125 0.0307274011589294 0.983366133939461 0.000369469572237179
6.3203125 0.0384081734662679 0.982911576739178 0.000639532722614335
6.328125 0.0460853945454791 0.982457019538894 0.000969588034657701
6.3359375 0.0537590643965631 0.98200246233861 0.00135960776439753
6.34375 0.0614291830195199 0.981547905138326 0.00180956416786409
6.3515625 0.0690957504143494 0.981093347938042 0.00231942950108761
6.359375 0.0767587665810518 0.980638790737759 0.00288917602009838
6.3671875 0.0844182315196269 0.980184233537475 0.00351877598092663
6.375 0.0920741452300748 0.979729676337191 0.00420820163960263
6.3828125 0.0997265077123956 0.979275119136907 0.00495742525215664
6.390625 0.107375318966589 0.978820561936623 0.0057664190746189
6.3984375 0.115020578992655 0.97836600473634 0.00663515536301967
