0 0 0
0.3 0.29552020666134 0.005625
0.6 0.564642473395035 0.0225
0.9 0.783326909627483 0.050625
1.5 0.997494986604054 0.140625
1.8 0.973847630878195 0.2025
2.7 0.42737988023383 0.455625
3 0.141120008059867 0.5625
3.3 -0.157745694143248 0.680625
4.2 -0.871575772413588 1.1025
4.5 -0.977530117665097 1.265625
5.1 -0.925814682327732 1.625625
5.4 -0.772764487555987 1.8225
6.3 0.0168139004843497 2.480625
6.6 0.311541363513378 2.7225
6.9 0.5784397643882 2.975625


#Berrut B1 spline data
0.01 0.00744178140615359 0.00238192355819759
0.135 0.113412222774073 0.0209245811115176
0.26 0.247615439039928 0.0132111717395046
0.385 0.395932282232412 -0.0106079002171785
0.51 0.508547620527566 -0.00440450571309405
0.635 0.585678943780649 0.0332184028181423
0.76 0.671019916686716 0.0565960437143021
0.885 0.771079474849833 0.0524950907199502
1.01 0.868248068218174 0.0338392268557391
1.135 0.941943142652428 0.0234623056499003
1.26 0.981998536557109 0.0411418266758884
1.385 0.995440722375746 0.0881909086964526
1.51 0.997499988469423 0.14488959100185
1.635 0.995196654444664 0.186740245642459
1.76 0.982180610668932 0.202368077908914
1.885 0.947406579416032 0.198299931343575
2.01 0.88619128288982 0.191432315639674
2.135 0.803941647661261 0.197801127863902
2.26 0.71204045990224 0.225703218521534
2.385 0.621582066013114 0.275332693055349
2.51 0.539301155678005 0.34169215398534
2.635 0.465343318798734 0.416782456779981
2.76 0.389437894254034 0.48889761450377
2.885 0.284743258274973 0.540765559623189
3.01 0.127123376288587 0.563818035954513
3.135 -0.0349727261475852 0.59175002610883
3.26 -0.136543297873718 0.655067741787147
3.385 -0.193739728006317 0.73792556109774
3.51 -0.24098818798282 0.821310500283375
3.635 -0.297605163858078 0.897172849465384
3.76 -0.374728390445744 0.962343668498259
3.885 -0.481055127930666 1.01502042730429
4.01 -0.621582528719295 1.05479052263312
4.135 -0.787321649979219 1.08577074595564
4.26 -0.937910346212666 1.12157957028112
4.385 -1.00780472800668 1.18227333436667
4.51 -0.971686589950748 1.27373119687034
4.635 -0.88507616262546 1.37717457636812
4.76 -0.822806442192708 1.46966481956417
4.885 -0.822517900425095 1.54054273912322
5.01 -0.878227138510472 1.59216475826575
5.135 -0.938423112399552 1.6400646334346
5.26 -0.922101231525124 1.70854440442523
5.385 -0.793831187982856 1.80883446506823
5.51 -0.603770296143195 1.92682946713413
5.635 -0.418770459556809 2.04294091329531
5.76 -0.269822847005398 2.14778923128644
5.885 -0.160288585961318 2.24004761622538
6.01 -0.0841124669896162 2.32113752775359
6.135 -0.0333821146012308 2.39302995252147
6.26 0.00386266000442285 2.45926217659995
6.385 0.0565843444257979 2.53047144831002
6.51 0.17850611201592 2.62970242868154
6.635 0.363327479537619 2.75962372014534
6.76 0.503797602577207 2.8770292728277
6.885 0.573178738883688 2.96624130190351


#Berrut B2 data
0.01 0.00473066865031474 0.000186542505997478
0.135 0.0849211771702255 0.00237343415608416
0.26 0.230320070603828 0.00463486738512983
0.385 0.443759258902281 0.00889621804020939
0.51 0.554809019227278 0.016600426127812
0.635 0.570874953589657 0.0248299253929237
0.76 0.636219904495996 0.0345461465117483
0.885 0.765021591628681 0.0485590721556062
1.01 0.920620356434647 0.068279747741776
1.135 1.03978994088138 0.0914394146582192
1.26 1.07301435237366 0.112244509556985
1.385 1.03878114998035 0.127765401601917
1.51 0.994657124469809 0.141859976377375
1.635 0.974195004441705 0.161201753090645
1.76 0.973613837665603 0.190674484640166
1.885 0.968674950045071 0.2309687406275
2.01 0.935346004378611 0.27786677532681
2.135 0.865603417706739 0.324337340153016
2.26 0.769458123378954 0.364604524269729
2.385 0.66426468052131 0.396634142155034
2.51 0.563643617599465 0.421767172589375
2.635 0.472533602813776 0.443620051831842
2.76 0.384550830826162 0.468543831116106
2.885 0.277523992698118 0.507414864838217
3.01 0.12791517229823 0.567857320537359
3.135 -0.0279462951006573 0.629802412650192
3.26 -0.13363866277893 0.67082689316309
3.385 -0.200995957579777 0.699751327597535
3.51 -0.259220448113807 0.72970937738417
3.635 -0.325016238556279 0.767293365512988
3.76 -0.407944364719438 0.816197101496088
3.885 -0.514894279695512 0.879483443760021
4.01 -0.648421959330069 0.95910916532258
4.135 -0.798033804703683 1.05238336683043
4.26 -0.928756618325448 1.14653262514786
4.385 -0.991884939157636 1.22129728505271
4.51 -0.973887743144271 1.26867719163069
4.635 -0.917786517285635 1.30510925244749
4.76 -0.877299202035881 1.3551824231216
4.885 -0.877180401063495 1.43393740939562
5.01 -0.907277723948816 1.54094630013942
5.135 -0.927455607469215 1.65750601678471
5.26 -0.891272401193928 1.75428495204396
5.385 -0.788320576854179 1.81687149147244
5.51 -0.649827878851147 1.85818907076997
5.635 -0.511021726450155 1.90083569510043
5.76 -0.388655636487709 1.96047595121193
5.885 -0.284412964729853 2.04420818722622
6.01 -0.193067146131027 2.15383866123407
6.135 -0.106584333812856 2.28690041769344
6.26 -0.0151845523172687 2.43382747777325
6.385 0.0911468898200278 2.57309892981857
6.51 0.216114860435258 2.67581377218537
6.635 0.347862732267491 2.7376533724386
6.76 0.466511323082361 2.80770391699185
6.885 0.567083487991624 2.95140425274869


#Berrut Bsplit data
0.01 -3.35833583597422E-05 -0.000172760392475615
0.135 -0.000462094610287041 -0.00237711920823717
0.26 -0.000907411238934065 -0.00466792868348015
0.385 0.298348150695556 0.00390181439925049
0.51 0.300734079473856 0.00120431731409829
0.635 0.566373028901241 0.0216494789904221
0.76 0.571314195064869 0.018434477966298
0.885 0.574918949441836 0.0149745622983204
1.01 0.789752557748596 0.0470846735740182
1.135 0.79572773530222 0.0427171233456151
1.26 0.80068058576977 0.0380072645290581
1.385 0.804881741782862 0.0329650268403557
1.51 0.998233952585774 0.140191787844319
1.635 1.00690753736552 0.13445007431629
1.76 1.01469146759857 0.128113837825646
1.885 0.982371669245202 0.196122248784809
2.01 0.994133731951726 0.185766425855811
2.135 1.00513304031627 0.174231398986261
2.26 1.01551925870188 0.161479841625324
2.385 1.02541969443724 0.147454569134592
2.51 1.03494505304612 0.132078435588685
2.635 1.04419391975995 0.115253329463832
2.76 0.430996189726054 0.442071033210332
2.885 0.438198615406677 0.409642458131663
3.01 0.141446734406239 0.564660950512629
3.135 0.14573964498193 0.592469379825414
3.26 0.15040892205755 0.621771618455897
3.385 -0.154147982528726 0.686973980052768
3.51 -0.148754482141116 0.697196496305723
3.635 -0.1432055280264 0.708511237710169
3.76 -0.137463224588194 0.720974147575271
3.885 -0.131487942524947 0.734656788724591
4.01 -0.125237377754184 0.749647630769665
4.135 -0.118665539354039 0.766053935547998
4.26 -0.867069300173144 1.10519436692712
4.385 -0.857396658881078 1.11152265065985
4.51 -0.976910557612923 1.26593546860179
4.635 -0.968926667422923 1.27024271011126
4.76 -0.960428285830586 1.27540385766006
4.885 -0.951297501711738 1.28153103827734
5.01 -0.941391303538694 1.28876728211555
5.135 -0.923809887185861 1.62649539646191
5.26 -0.916165609337214 1.6301626622978
5.385 -0.907615224272818 1.63483086213075
5.51 -0.767227743030865 1.82498293586061
5.635 -0.760021639938846 1.82871807114032
5.76 -0.751538832190677 1.83368219902984
5.885 -0.741322671106367 1.84026590068404
6.01 -0.728680370846219 1.84906636686855
6.135 -0.712506213660665 1.86104151650888
6.26 -0.690918203697637 1.87782682237964
6.385 0.0203462720001549 2.48248439181725
6.51 0.0281749606039649 2.48764469322002
6.635 0.312656502478868 2.72313277833213
6.76 0.321091769800451 2.72971440195281
6.885 0.414682263918643 2.81826968569524
