0 3.04062120592432 -0.0310558311438192
0.0625 3.0377082062385 -0.0622299061827824
0.125 3.0328275109814 -0.0941220309480756
0.1875 3.02591542846074 -0.127335797142872
0.25 3.0168701359908 -0.162489634628808
0.3125 3.00555041020522 -0.200227755406337
0.375 2.99177367445576 -0.241231072770397
0.4375 2.97531336364625 -0.286228122810108
0.5 2.9558956075851 -0.336005932169256
0.5625 2.93319524104551 -0.391420652714117
0.625 2.90683116525919 -0.453407601508304
0.6875 2.87636111601332 -0.52299007644992
0.75 2.84127594433171 -0.601285927080424
0.8125 2.80099359604952 -0.689510297009322
0.875 2.75485309909698 -0.788972156222183
0.9375 2.70210904895421 -0.901061134344982
1 2.64192734521029 -1.02721967543468
1.0625 2.5733833011448 -1.1688936136767
1.125 2.4954637501576 -1.32745195522334
1.1875 2.40707542639898 -1.50406417738113
1.25 2.30706269547376 -1.69952133852654
1.3125 2.19423859043825 -1.91398701001495
1.375 2.06743389475398 -2.14666777653042
1.4375 1.92556935300538 -2.39540431506082
1.5 1.76775537550074 -2.65620727561929
1.5625 1.59342096160624 -2.92280099904558
1.625 1.40246801985442 -3.18629135908141
1.6875 1.19543822137646 -3.43512916727466
1.75 0.973667710473197 -3.65556751552575
1.8125 0.739393544489137 -3.83276495002332
1.875 0.495770552754799 -3.95252865797715
1.9375 0.246765325931906 -4.00343590516371
2 -0.0030812304057192 -3.97881730291157
2.0625 -0.24899491260859 -3.87799246201076
2.125 -0.486351033809126 -3.70632998171469
2.1875 -0.711022446650959 -3.47410860084772
2.25 -0.919628378321999 -3.19457397152171
2.3125 -1.10965235320283 -2.88179559024549
2.375 -1.27943445281539 -2.54886053975384
2.4375 -1.42806952571379 -2.20669510999004
2.5 -1.55525268976282 -1.86354366623466
2.5625 -1.66110940109935 -1.52496478230091
2.625 -1.74603633217573 -1.19414851460794
2.6875 -1.8105674568986 -0.872380963933816
2.75 -1.85527051986209 -0.559537072016606
2.8125 -1.88067340306172 -0.25453788568257
2.875 -1.88721730227262 0.0442499005033671
2.9375 -1.875233118576 0.338668617628068
3 -1.84493814698656 0.630462180132305
3.0625 -1.79645132085059 0.920986453294976
3.125 -1.72982646893328 1.21092011966525
3.1875 -1.64510389253466 1.49996706929393
3.25 -1.54238071944725 1.78655553936301
3.3125 -1.42189955567368 2.0675597759589
3.375 -1.28415255725082 2.33809582684696
3.4375 -1.12999398029619 2.59146926419744
3.5 -0.960748822137245 2.81936827910225
3.5625 -0.778299494142365 3.01238420322013
3.625 -0.585128789154294 3.16088701924104
3.6875 -0.384298616918956 3.25618294218545
3.75 -0.179352356111755 3.2917591495934
3.8125 0.0258560004638182 3.26433080519484
3.875 0.227384386073494 3.17440718676353
3.9375 0.421440763910801 3.02621083115913
4 0.604596118838198 2.82697606858947
4.0625 0.773939255779187 2.58583377653356
4.125 0.927156631188176 2.31257804831354
4.1875 1.06253865927425 2.01658444375291
4.25 1.17892778443587 1.70604540950686
4.3125 1.27563012943057 1.38756792031182
4.375 1.35231230630896 1.06608861229305
4.4375 1.40890060906717 0.745019085406615
4.5 1.44549408427622 0.426530741583544
4.5625 1.46229782283086 0.111907062614497
4.625 1.45957907940416 -0.198084141343996
4.6875 1.43764654823445 -0.502825047450611
4.75 1.39685191712843 -0.801502244113363
4.8125 1.33761215242707 -1.09279054042272
4.875 1.26045031504233 -1.37457892223756
4.9375 1.16605164496731 -1.64376062979767
5 1.05532991493983 -1.89612100632775
5.0625 0.929496637852896 -2.12636581001108
5.125 0.790122992110009 -2.32833209813548
5.1875 0.639182142687411 -2.49540618887486
5.25 0.479059203023956 -2.62113457783654
5.3125 0.312518632127304 -2.69995861956842
5.375 0.142624967379825 -2.72794871981113
5.4375 -0.0273783020161732 -2.70338364398608
5.5 -0.194217502860998 -2.62703688790748
5.5625 -0.354744181582715 -2.50209819606055
5.625 -0.506074536492389 -2.33375269499713
5.6875 -0.645694493421466 -2.12852563703563
5.75 -0.771520445879537 -1.89354525898918
5.8125 -0.881915249349473 -1.63586938005026
5.875 -0.975666889775715 -1.3619762854795
5.9375 -1.05194171008899 -1.07746207841268
6 -1.11022507647759 -0.786936976975433
6.0625 -1.15026084198767 -0.494082824113751
6.125 -1.17199818155038 -0.20182329493333
6.1875 -1.17555136782729 0.0874392689689328
6.25 -1.16117542308238 0.371558202670557
6.3125 -1.12925849138653 0.648377463986207
6.375 -1.08033012382074 0.915491238603718
6.4375 -1.01508323436412 1.1700506498088
6.5 -0.934406057765309 1.40864103190192
6.5625 -0.839418933166887 1.62725427964426
6.625 -0.731509253729269 1.82137833035992
6.6875 -0.612356798467199 1.98621624974414
6.75 -0.483941423090761 2.11702854387737
6.8125 -0.348526291823235 2.20956555024512
6.875 -0.208612809448121 2.2605282653064
6.9375 -0.0668679630970252 2.26797602135542
7 0.0739699698305004 2.23159855319797
7.0625 0.211196839934267 2.15279322156439
7.125 0.342246220179409 2.03453076357451
7.1875 0.464778709978957 1.88104120321045
7.25 0.57674772310514 1.69738896936772
7.3125 0.676437455176693 1.48902153530758
7.375 0.762473846785587 1.26136760038192
7.4375 0.833813401050236 1.01953636358518
7.5 0.889717009165566 0.768139799685767
7.5625 0.929716470022925 0.511234289784707
7.625 0.953580586787645 0.252361140448504
7.6875 0.96128615649185 -0.00534234644990461
7.75 0.952997328961093 -0.258990970629547
7.8125 0.929055006039612 -0.505786628251823
7.875 0.889976309116857 -0.742865037652583
7.9375 0.83646267493434 -0.967176416198332
8 0.76941382542627 -1.1754199082316
8.0625 0.689943714968206 -1.3640482443582
8.125 0.599393692267401 -1.52935332848738
8.1875 0.499337722211088 -1.66763391292895
8.25 0.391574841798238 -1.77543312001802
8.3125 0.27810526974645 -1.8498181241277
8.375 0.161088767140481 -1.88866070573485
8.4375 0.0427866870677416 -1.89087060600556
8.5 -0.0745079088167532 -1.85653767711416
8.5625 -0.188545374482407 -1.78695455512518
8.625 -0.297192104143015 -1.68451543785317
8.6875 -0.39849343841209 -1.55251161600843
8.75 -0.49072156071719 -1.39486322953298
8.8125 -0.572405864822861 -1.21583445327958
8.875 -0.642346157282601 -1.01977540078387
8.9375 -0.699611410219002 -0.810921703890872
9 -0.743528226735224 -0.593266955632308
9.0625 -0.77366365618354 -0.370508491399693
9.125 -0.789806660401103 -0.146056014251135
9.1875 -0.79195164986789 0.0769139575076377
9.25 -0.78028634200328 0.295377602388381
9.3125 -0.755184941213765 0.506377239715323
9.375 -0.717206427846121 0.706947339076822
9.4375 -0.667096646961034 0.894069386854654
9.5 -0.60579196888883 1.06466852676305
9.5625 -0.534421627286245 1.21566010497632
9.625 -0.454305527441826 1.34404769869297
9.6875 -0.366944468205816 1.44706600312402
9.75 -0.274000414011154 1.5223530310342
9.8125 -0.177265680949186 1.56812826362838
9.875 -0.0786215219384553 1.58334900172971
9.9375 0.0200116698692846 1.5678181891559
10 0.116728841776448 1.52222409836606



0 0.062459317893133 0.99804751070025
0.0625 0.124674733486554 0.99219766722329
0.125 0.186403296913396 0.982473313082721
0.1875 0.247403959454088 0.968912421673394
0.25 0.307438514826442 0.951567947986119
0.3125 0.366272529376093 0.930507621819553
0.375 0.423676257534905 0.905813683296791
0.4375 0.479425538972493 0.877582561719441
0.5 0.533302673937527 0.845924499013267
0.5625 0.585097273370595 0.810963119235825
0.625 0.634607080468983 0.772834945827166
0.6875 0.681638760495162 0.73168886848872
0.75 0.726008655744804 0.687685561772201
0.8125 0.767543502726184 0.640996857648917
0.875 0.806081108750411 0.5918050745096
0.9375 0.841470985290409 0.540302305214991
1 0.873574935635395 0.486689666977327
1.0625 0.902267594546077 0.431176516001931
1.125 0.927436917803232 0.373979629955707
1.1875 0.948984619737987 0.315322361454995
1.25 0.966826557035252 0.255433765878373
1.3125 0.980893057311564 0.194547706910313
1.375 0.991129191184255 0.132901943308489
1.4375 0.997494986769517 0.0707372004609222
1.5 0.999965585771754 0.00829623035848422
1.5625 0.998531340554691 -0.0541771363464299
1.625 0.993197851815192 -0.116438942493384
1.6875 0.983985946712653 -0.178246057061393
1.75 0.970931597539397 -0.239357124590359
1.8125 0.954085781249636 -0.299533507668978
1.875 0.93351428039556 -0.358540218808727
1.9375 0.909297426247876 -0.416146838064978
2 0.881529785103914 -0.472128412821955
2.0625 0.85031978900826 -0.526266336227883
2.125 0.815789312327944 -0.578349200850068
2.1875 0.778073195835639 -0.6281736242164
2.25 0.737318720159334 -0.675545043019557
2.3125 0.693685030654628 -0.720278472882551
2.375 0.647342515945526 -0.762199230718773
2.4375 0.598472142560504 -0.801143616865699
2.5 0.547264748262086 -0.836959554328576
2.5625 0.49392029682947 -0.869507182637833
2.625 0.438647097204242 -0.898659404001219
2.6875 0.381660990048419 -0.924302379617966
2.75 0.323184504891279 -0.946335974216871
2.8125 0.263445991156314 -0.964674147082383
2.875 0.202678726461614 -0.979245288041762
2.9375 0.141120005675757 -0.989992497101271
3 0.0790102142864298 -0.996873806639431
3.0625 0.0165918897002346 -0.999862345289686
3.125 -0.0458912258606899 -0.99894644287252
3.1875 -0.108195137166834 -0.994129675967249
3.25 -0.170076548777466 -0.985430853945564
3.3125 -0.231293815104128 -0.972883945521333
3.375 -0.291607884031481 -0.956537946103499
3.4375 -0.35078323041071 -0.936456686470061
3.5 -0.408588775780185 -0.912718583510246
3.5625 -0.464798790721912 -0.885416334008238
3.625 -0.519193776330084 -0.854656552664219
3.6875 -0.571561321349606 -0.820559355766243
3.75 -0.621696931637508 -0.783257892138705
3.8125 -0.669404828708195 -0.742897823199027
3.875 -0.714498714244246 -0.699636754152939
3.9375 -0.756802497587357 -0.653643618549527
4 -0.796150983368596 -0.605098018599334
4.0625 -0.832390516592784 -0.554189523831568
4.125 -0.865379582657963 -0.501116930829155
4.1875 -0.89498935996689 -0.446087486932326
4.25 -0.92110422297262 -0.389316080942194
4.3125 -0.943622193693788 -0.331024403984579
4.375 -0.962455339936452 -0.271440083810906
4.4375 -0.977530118667423 -0.210795795916707
4.5 -0.988787663198239 -0.149328354948786
4.5625 -0.996184013058324 -0.087277789949092
4.625 -0.999690285659686 -0.0248864070464432
4.6875 -0.999292789082802 0.0376021567437201
4.75 -0.994993075543277 0.0999438849166693
4.8125 -0.986807935330468 0.161895334357618
4.875 -0.974769331241769 0.223214585981878
4.9375 -0.958924273768568 0.283662189423707
5 -0.939334637521286 0.343002098084867
5.0625 -0.916076919610346 0.401002590891538
5.125 -0.889241940926594 0.457437177160155
5.1875 -0.858934491487662 0.512085481038683
5.25 -0.825272921235192 0.564734102069602
5.3125 -0.788388677880848 0.615177448514131
5.375 -0.748425793605811 0.663218540183567
5.4375 -0.705540322618193 0.708669777642708
5.5 -0.659899731764696 0.751353674781638
5.5625 -0.611682246576157 0.791103551895183
5.625 -0.561076155300661 0.8277641865636
5.6875 -0.508279073641964 0.861192419792799
5.75 -0.453497173074396 0.891257715047158
5.8125 -0.396944375747663 0.9178426679919
5.875 -0.338841519125432 0.940843464954506
5.9375 -0.279415493619757 0.96017028831489
6 -0.218898356588879 0.97574766724128
6.0625 -0.157526426158199 0.987514772402204
6.125 -0.0955393584030628 0.995425653503728
6.1875 -0.0331792114969062 0.999449418724368
6.25 0.0293104995207285 0.999570355346995
6.3125 0.0916857536652144 0.995787991116661
6.375 0.153702976903564 0.988117096084738
6.4375 0.215119993305817 0.976587624932192
6.5 0.275696970736865 0.961244599997186
6.5625 0.33519735739581 0.942147935463821
6.625 0.393388805545684 0.919372203398523
6.6875 0.450044078826394 0.893006342547721
6.75 0.504941939607842 0.863153311033947
6.8125 0.557868012918143 0.829929684306568
6.875 0.608615623573299 0.793465199917149
6.9375 0.656986603239375 0.753902250897094
7 0.702792064275601 0.711395329715902
7.0625 0.74585313733657 0.666110424991378
7.125 0.786001669853202 0.618224373307634
7.1875 0.823080882664932 0.567924168672011
7.25 0.856945982238978 0.515406232307479
7.3125 0.887464726085988 0.460875645631966
7.375 0.914517939164129 0.404545349419806
7.4375 0.937999979255082 0.346635312272575
7.5 0.957819149494638 0.287371671646401
7.5625 0.973898056446998 0.226985850790043
7.625 0.986173912324476 0.165713655042053
7.6875 0.994598780172474 0.103794351015971
7.75 0.999139761062261 0.0414697322693226
7.8125 0.999779122560584 -0.021016824895054
7.875 0.996514367974446 -0.0834213118082614
7.9375 0.989358246100634 -0.145500040283976
8 0.978338701441942 -0.207010594215601
8.0625 0.963498765084487 -0.267712776205977
8.125 0.944896386662234 -0.327369545533083
8.1875 0.922604208064921 -0.385747943788975
8.25 0.896709279773032 -0.442620004577396
8.3125 0.867312720927528 -0.49776364371767
8.375 0.834529324461773 -0.550963526478677
8.4375 0.79848710883758 -0.602011908456375
8.5 0.759326818135857 -0.650709446811247
8.5625 0.717201372453985 -0.696865978697831
8.625 0.672275270756104 -0.740301263846558
8.6875 0.624723948508186 -0.780845688398154
8.75 0.574733092606283 -0.818340927242127
8.8125 0.522497916273179 -0.852640562272938
8.875 0.468222396754928 -0.883610654149574
8.9375 0.412118478794072 -0.911130265325802
9 0.354405246989958 -0.935091932308709
9.0625 0.295308070278061 -0.955402085301333
9.125 0.235057721869114 -0.971981413590728
9.1875 0.17388947808466 -0.984765175254595
9.25 0.112042199608047 -0.993703449977104
9.3125 0.0497573987385678 -0.998761333986664
9.375 -0.0127217037088959 -0.999919076354398
9.4375 -0.0751511281759576 -0.997172156121104
9.5 -0.137287089095679 -0.990531299951498
9.5625 -0.198886946869996 -0.980022440246825
9.625 -0.259710155372153 -0.96568661387938
9.6875 -0.319519201274188 -0.947579801944404
9.75 -0.378080531531394 -0.925772711155104
9.8125 -0.435165465401959 -0.900350497734448
9.875 -0.490551087440378 -0.871412434881942
9.9375 -0.544021117977491 -0.839071525113905
10 -0.595366757687967 -0.803454058991061



0 0.99804751070025 -0.062459317893133
0.0625 0.99219766722329 -0.124674733486554
0.125 0.982473313082721 -0.186403296913396
0.1875 0.968912421673394 -0.247403959454088
0.25 0.951567947986119 -0.307438514826442
0.3125 0.930507621819553 -0.366272529376093
0.375 0.905813683296791 -0.423676257534905
0.4375 0.877582561719441 -0.479425538972493
0.5 0.845924499013267 -0.533302673937527
0.5625 0.810963119235825 -0.585097273370595
0.625 0.772834945827166 -0.634607080468983
0.6875 0.73168886848872 -0.681638760495162
0.75 0.687685561772201 -0.726008655744804
0.8125 0.640996857648917 -0.767543502726184
0.875 0.5918050745096 -0.806081108750411
0.9375 0.540302305214991 -0.841470985290409
1 0.486689666977327 -0.873574935635395
1.0625 0.431176516001931 -0.902267594546077
1.125 0.373979629955707 -0.927436917803232
1.1875 0.315322361454995 -0.948984619737987
1.25 0.255433765878373 -0.966826557035252
1.3125 0.194547706910313 -0.980893057311564
1.375 0.132901943308489 -0.991129191184255
1.4375 0.0707372004609222 -0.997494986769517
1.5 0.00829623035848422 -0.999965585771754
1.5625 -0.0541771363464299 -0.998531340554691
1.625 -0.116438942493384 -0.993197851815192
1.6875 -0.178246057061393 -0.983985946712653
1.75 -0.239357124590359 -0.970931597539397
1.8125 -0.299533507668978 -0.954085781249636
1.875 -0.358540218808727 -0.93351428039556
1.9375 -0.416146838064978 -0.909297426247876
2 -0.472128412821955 -0.881529785103914
2.0625 -0.526266336227883 -0.85031978900826
2.125 -0.578349200850068 -0.815789312327944
2.1875 -0.6281736242164 -0.778073195835639
2.25 -0.675545043019557 -0.737318720159334
2.3125 -0.720278472882551 -0.693685030654628
2.375 -0.762199230718773 -0.647342515945526
2.4375 -0.801143616865699 -0.598472142560504
2.5 -0.836959554328576 -0.547264748262086
2.5625 -0.869507182637833 -0.49392029682947
2.625 -0.898659404001219 -0.438647097204242
2.6875 -0.924302379617966 -0.381660990048419
2.75 -0.946335974216871 -0.323184504891279
2.8125 -0.964674147082383 -0.263445991156314
2.875 -0.979245288041762 -0.202678726461614
2.9375 -0.989992497101271 -0.141120005675757
3 -0.996873806639431 -0.0790102142864298
3.0625 -0.999862345289686 -0.0165918897002346
3.125 -0.99894644287252 0.0458912258606899
3.1875 -0.994129675967249 0.108195137166834
3.25 -0.985430853945564 0.170076548777466
3.3125 -0.972883945521333 0.231293815104128
3.375 -0.956537946103499 0.291607884031481
3.4375 -0.936456686470061 0.35078323041071
3.5 -0.912718583510246 0.408588775780185
3.5625 -0.885416334008238 0.464798790721912
3.625 -0.854656552664219 0.519193776330084
3.6875 -0.820559355766243 0.571561321349606
3.75 -0.783257892138705 0.621696931637508
3.8125 -0.742897823199027 0.669404828708195
3.875 -0.699636754152939 0.714498714244246
3.9375 -0.653643618549527 0.756802497587357
4 -0.605098018599334 0.796150983368596
4.0625 -0.554189523831568 0.832390516592784
4.125 -0.501116930829155 0.865379582657963
4.1875 -0.446087486932326 0.89498935996689
4.25 -0.389316080942194 0.92110422297262
4.3125 -0.331024403984579 0.943622193693788
4.375 -0.271440083810906 0.962455339936452
4.4375 -0.210795795916707 0.977530118667423
4.5 -0.149328354948786 0.988787663198239
4.5625 -0.087277789949092 0.996184013058324
4.625 -0.0248864070464432 0.999690285659686
4.6875 0.0376021567437201 0.999292789082802
4.75 0.0999438849166693 0.994993075543277
4.8125 0.161895334357618 0.986807935330468
4.875 0.223214585981878 0.974769331241769
4.9375 0.283662189423707 0.958924273768568
5 0.343002098084867 0.939334637521286
5.0625 0.401002590891538 0.916076919610346
5.125 0.457437177160155 0.889241940926594
5.1875 0.512085481038683 0.858934491487662
5.25 0.564734102069602 0.825272921235192
5.3125 0.615177448514131 0.788388677880848
5.375 0.663218540183567 0.748425793605811
5.4375 0.708669777642708 0.705540322618193
5.5 0.751353674781638 0.659899731764696
5.5625 0.791103551895183 0.611682246576157
5.625 0.8277641865636 0.561076155300661
5.6875 0.861192419792799 0.508279073641964
5.75 0.891257715047158 0.453497173074396
5.8125 0.9178426679919 0.396944375747663
5.875 0.940843464954506 0.338841519125432
5.9375 0.96017028831489 0.279415493619757
6 0.97574766724128 0.218898356588879
6.0625 0.987514772402204 0.157526426158199
6.125 0.995425653503728 0.0955393584030628
6.1875 0.999449418724368 0.0331792114969062
6.25 0.999570355346995 -0.0293104995207285
6.3125 0.995787991116661 -0.0916857536652144
6.375 0.988117096084738 -0.153702976903564
6.4375 0.976587624932192 -0.215119993305817
6.5 0.961244599997186 -0.275696970736865
6.5625 0.942147935463821 -0.33519735739581
6.625 0.919372203398523 -0.393388805545684
6.6875 0.893006342547721 -0.450044078826394
6.75 0.863153311033947 -0.504941939607842
6.8125 0.829929684306568 -0.557868012918143
6.875 0.793465199917149 -0.608615623573299
6.9375 0.753902250897094 -0.656986603239375
7 0.711395329715902 -0.702792064275601
7.0625 0.666110424991378 -0.74585313733657
7.125 0.618224373307634 -0.786001669853202
7.1875 0.567924168672011 -0.823080882664932
7.25 0.515406232307479 -0.856945982238978
7.3125 0.460875645631966 -0.887464726085988
7.375 0.404545349419806 -0.914517939164129
7.4375 0.346635312272575 -0.937999979255082
7.5 0.287371671646401 -0.957819149494638
7.5625 0.226985850790043 -0.973898056446998
7.625 0.165713655042053 -0.986173912324476
7.6875 0.103794351015971 -0.994598780172474
7.75 0.0414697322693226 -0.999139761062261
7.8125 -0.021016824895054 -0.999779122560584
7.875 -0.0834213118082614 -0.996514367974446
7.9375 -0.145500040283976 -0.989358246100634
8 -0.207010594215601 -0.978338701441942
8.0625 -0.267712776205977 -0.963498765084487
8.125 -0.327369545533083 -0.944896386662234
8.1875 -0.385747943788975 -0.922604208064921
8.25 -0.442620004577396 -0.896709279773032
8.3125 -0.49776364371767 -0.867312720927528
8.375 -0.550963526478677 -0.834529324461773
8.4375 -0.602011908456375 -0.79848710883758
8.5 -0.650709446811247 -0.759326818135857
8.5625 -0.696865978697831 -0.717201372453985
8.625 -0.740301263846558 -0.672275270756104
8.6875 -0.780845688398154 -0.624723948508186
8.75 -0.818340927242127 -0.574733092606283
8.8125 -0.852640562272938 -0.522497916273179
8.875 -0.883610654149574 -0.468222396754928
8.9375 -0.911130265325802 -0.412118478794072
9 -0.935091932308709 -0.354405246989958
9.0625 -0.955402085301333 -0.295308070278061
9.125 -0.971981413590728 -0.235057721869114
9.1875 -0.984765175254595 -0.17388947808466
9.25 -0.993703449977104 -0.112042199608047
9.3125 -0.998761333986664 -0.0497573987385678
9.375 -0.999919076354398 0.0127217037088959
9.4375 -0.997172156121104 0.0751511281759576
9.5 -0.990531299951498 0.137287089095679
9.5625 -0.980022440246825 0.198886946869996
9.625 -0.96568661387938 0.259710155372153
9.6875 -0.947579801944404 0.319519201274188
9.75 -0.925772711155104 0.378080531531394
9.8125 -0.900350497734448 0.435165465401959
9.875 -0.871412434881942 0.490551087440378
9.9375 -0.839071525113905 0.544021117977491
10 -0.803454058991061 0.595366757687967




0 3.04159265358979 0
0.01 3.04156771498773 -0.00498584982929891
0.03 3.04136850534509 -0.0149301321374007
0.060633058507654 3.04067832055047 -0.0301294380315266
0.0914913555139973 3.03951211657611 -0.0454651496910123
0.122457580562992 3.03786479581579 -0.0609518318730887
0.153512481387498 3.03572866797218 -0.0766538899030171
0.184622303744103 3.03309621704117 -0.0926292532320733
0.215754105682918 3.02995959345103 -0.108936545073593
0.246874390236393 3.02631076946897 -0.125633928360788
0.277949920213823 3.0221415526274 -0.142779052531293
0.308948246455551 3.01744359689124 -0.160428883937278
0.33983823001505 3.01220838974479 -0.178639582440778
0.370590493949016 3.00642722142913 -0.197466406431262
0.401177791834441 3.00009113977828 -0.216963649243754
0.431575279789513 2.99319089602523 -0.23718460305954
0.461760690949356 2.98571688646901 -0.258181546986183
0.491714416385778 2.97765909486487 -0.280005753650324
0.521419502317068 2.96900703961184 -0.302707508258209
0.550861578654463 2.95974972832305 -0.326336135364186
0.580028733219727 2.94987562187021 -0.350940027407922
0.608911347749485 2.93937260852267 -0.376566671071116
0.637501910054248 2.9282279880438 -0.40326266803733
0.665794814003268 2.91642846524562 -0.431073746897816
0.693786158186718 2.90396015150617 -0.460044765064327
0.721473550464197 2.8908085729213 -0.49021969914229
0.748855923922886 2.87695868347142 -0.521641623190691
0.775933367612377 2.86239488169388 -0.554352674431638
0.802706975667619 2.84710102840208 -0.588394008529545
0.829178713452617 2.83106046499582 -0.623805742450201
0.855351303312825 2.81425602940891 -0.660626888915282
0.881228128484577 2.79667006846121 -0.698895282851165
0.906813154164005 2.7782844450254 -0.738647501285971
0.932110865820858 2.75908053741059 -0.779918780446826
0.95712622289937 2.73903922942411 -0.822742931504931
0.981864628069287 2.71814088791156 -0.867152259914324
1.00633191000015 2.69636532598068 -0.913177490053483
1.03053432018668 2.6736917478516 -0.960847701385748
1.05447854245462 2.65009867246404 -1.01019027931785
1.07823184676011 2.62550001399853 -1.06136329406611
1.10202578589904 2.59961343932208 -1.11492322690126
1.12583596909549 2.57240530218414 -1.17090011171062
1.1496680693099 2.5438083171476 -1.22938693307062
1.17352563404417 2.51375460098363 -1.29046977614875
1.19741400518907 2.48217099123118 -1.35423618201346
1.22134017776281 2.44897868356327 -1.42077431609428
1.24531320250945 2.41409207632133 -1.4901734419673
1.26934462789735 2.37741734620701 -1.56252453093393
1.29344907405467 2.33885056173502 -1.63792127334712
1.31764497936476 2.29827516869582 -1.71646164551052
1.34195559057122 2.25555858993443 -1.79825028734205
1.36641030841639 2.21054754088864 -1.88340209492068
1.39104656647885 2.16306143128822 -1.97204767425203
1.41591254279943 2.11288280643199 -2.06434175555113
1.44107122875101 2.05974301057475 -2.16047651553115
1.46660682916945 2.00329972541742 -2.26070347107853
1.49263543294742 1.94309977070753 -2.36537133487637
1.5193241764048 1.87851287571453 -2.474996135427
1.54692924545893 1.80860166523569 -2.59040404746392
1.57588261821835 1.73182817825568 -2.71306519888471
1.60703870293648 1.64522927711386 -2.84606284979893
1.64259687757273 1.54132883334202 -2.99775192064283
1.67707520551588 1.43545921318899 -3.14301687955434
1.71160733067685 1.32446353235129 -3.2847204585926
1.74038719949391 1.22828313036265 -3.39834097170284
1.7668881924042 1.13689020378204 -3.49810614125098
1.79209556924755 1.04757175086265 -3.58762771100912
1.81644101015534 0.959236185300894 -3.66817432646893
1.84019770518425 0.871222162968842 -3.74031070421522
1.86356532628943 0.783058704964241 -3.80424450690268
1.88595484079943 0.697264815474518 -3.85827947906923
1.90735988285333 0.614189180830227 -3.90275561775896
1.9280431629209 0.533084320848647 -3.93859245839418
1.94816502650915 0.453541268099358 -3.96634142714082
1.96785160106237 0.375248477880979 -3.98639369863735
1.98720434396658 0.297967099466689 -3.99902707380243
2.00630877621636 0.221504984709591 -4.00443888709953
2.02523972902657 0.145701867782998 -4.00276518686952
2.04406501350536 0.0704193210668002 -3.99409245338629
2.06284814922886 -0.00446637485510606 -3.97846445662093
2.08165057217114 -0.079069690795282 -3.95588565579095
2.10053359340418 -0.153500399207969 -3.92632180698609
2.11956031855504 -0.227867766231757 -3.88969796111617
2.1387977261289 -0.302284865764165 -3.84589362181371
2.1583191358925 -0.376873540610585 -3.79473436449561
2.1782073883002 -0.451770714071221 -3.73597854493308
2.19855924184232 -0.527137154485608 -3.66929659184561
2.21949186937169 -0.603170625445035 -3.59423825236331
2.24115311916429 -0.680127130905635 -3.51017880683443
2.26373899212702 -0.758358082558056 -3.41622545263077
2.28752632464039 -0.838381858237807 -3.3110401795565
2.31294214409351 -0.921040352619557 -3.19246169004092
2.33985976224442 -1.00521612057003 -3.06093335035456
2.36702779452679 -1.08651331968503 -2.92306978144752
2.39499028177207 -1.16621513894405 -2.77692692235509
2.42404991155855 -1.24466218533476 -2.62162255131635
2.45474052564178 -1.32256983316363 -2.45499574235584
2.48800740222734 -1.40121001065655 -2.27264222099243
2.52180278877582 -1.47487409518362 -2.08676226699905
2.55585000425836 -1.54273921362188 -1.89991393116641
2.59097041770215 -1.60609871076138 -1.70850290029884
2.62509524423707 -1.66125460573675 -1.52445422285302
2.65599910309769 -1.70581655282576 -1.35979547292742
2.68527664500105 -1.7433683910091 -1.20576460482676
2.71337207597786 -1.77519052190483 -1.05983465045634
2.74050545798719 -1.80205550777395 -0.920670596945804
2.76732516004296 -1.82492190272062 -0.784797944379325
2.79425966815415 -1.84424068118294 -0.649966684957199
2.82133844248093 -1.86002326586954 -0.515962837234553
2.84862180447915 -1.87227530572894 -0.382402818991042
2.87615300527932 -1.88096366911758 -0.24897514654957
2.90396677053186 -1.88602830138599 -0.115397483757093
2.93208985134428 -1.88738728202573 0.01858537972121
2.96054227515192 -1.88494132948691 0.153205845801711
2.98933874087349 -1.87857732859701 0.288677127748199
3.01849085507272 -1.86817050718389 0.425199280174318
3.048010892161 -1.85358411538263 0.56297066603938
3.07791800583532 -1.83466448842461 0.702209086468913
3.10824824658941 -1.81122788457902 0.843188817091965
3.13907079684388 -1.78303273384334 0.986304531398989
3.17051575597655 -1.74972447637425 1.13218589883142
3.20384623112344 -1.70941351631528 1.28664193075212
3.23958017751818 -1.66048284522775 1.45188842039505
3.27913007156961 -1.59945604922102 1.63399739346043
3.31779722783012 -1.53285310415227 1.81064509499275
3.35615347542535 -1.46007669126037 1.98366829721188
3.38971651793068 -1.39099424872145 2.13242256946404
3.42089043795066 -1.32240314960522 2.26756741733243
3.4503860671451 -1.25367562961431 2.39199201249075
3.48010693751547 -1.18077138412858 2.51316243557308
3.508347275531 -1.10822794024786 2.62357815751443
3.53558382198641 -1.03537813549856 2.72493150912173
3.56204396806429 -0.96203419360101 2.81781990441205
3.58790898478976 -0.888041262936158 2.90259696186628
3.61332661494888 -0.813273360498879 2.97943032076278
3.63770223808016 -0.739816980905198 3.04647337692725
3.66100813502598 -0.668133162315438 3.10397023734948
3.68350091298173 -0.597753549454406 3.15289461694239
3.70534064248634 -0.528435887386281 3.19385127035503
3.72665462717102 -0.459994145422619 3.22728699641958
3.74754559980531 -0.392287370826379 3.25353384133861
3.76809974860363 -0.32520409176977 3.2728422555704
3.78839159167169 -0.258653625498915 3.28540127692865
3.80848737550689 -0.192560232878273 3.2913517419268
3.82844754113139 -0.126859100588693 3.29079499584548
3.84832861800244 -0.0614934412190211 3.28379856598071
3.86818476575149 0.00358769912644177 3.27039963441039
3.88806911302456 0.0684311894303059 3.25060678261664
3.90803500532737 0.133081301608462 3.2244002409451
3.92813725735195 0.197581078688595 3.19173069458647
3.94843350496495 0.261973709811553 3.15251653123652
3.96898576749056 0.32630404739893 3.10663922673593
3.98986236642178 0.390620437745406 3.05393630952494
4.01114041327845 0.45497711271888 2.99419095323305
4.03290920034381 0.519437537865997 2.92711659180734
4.05527505132452 0.584079394147634 2.8523337810004
4.07836862392352 0.649002440924579 2.76933428471212
4.10235655686802 0.714341723119954 2.67742273738444
4.12746139139035 0.780291419140945 2.57561579196599
4.15399886184268 0.847152020753167 2.46245223151127
4.18245693672379 0.915436047827764 2.33558937816364
4.21369776325743 0.986153429912049 2.19077128240184
4.24967151182154 1.0618759549128 2.01818470405908
4.29233956317355 1.14351027812848 1.80736656848138
4.33068590042452 1.20911717361201 1.61394524628433
4.37000600872484 1.26863664863926 1.41318090200146
4.40464326131427 1.3145052685332 1.23522522400506
4.43737901244206 1.35218327163465 1.06671144608569
4.47046171985292 1.38465731173711 0.896546740224718
4.50267994008476 1.41087881672637 0.731297947257568
4.53507236136648 1.43188594477226 0.565880759715318
4.5677994049434 1.44768330224556 0.39969053519294
4.60107371214638 1.45818685279095 0.231839005777493
4.63508493270754 1.46317240203417 0.0615576766214015
4.67003272987017 1.46228738466665 -0.111950207165764
4.70615538582362 1.45502913461917 -0.289624898128409
4.74379158984804 1.44067514094643 -0.472808625082365
4.78353717536103 1.41807685685194 -0.663916537186097
4.82676212629175 1.38494123925255 -0.868684946020357
4.87865575414771 1.33358651711342 -1.10955964115092
4.93707367351273 1.26103593485682 -1.37269530415349
4.97774237404485 1.2015935367559 -1.54958518942119
5.01382240281499 1.14293304464722 -1.70119052928113
5.04755548032227 1.08323058578634 -1.83757478462369
5.07960800789104 1.02232859863942 -1.96159069270624
5.11038068211735 0.960207601883962 -2.07480492685198
5.13806224062475 0.901427804740162 -2.17113042711038
5.16447263147249 0.842933034001424 -2.25762503669363
5.19110120100421 0.78171902017083 -2.33896990047588
5.21647930576232 0.721439450502406 -2.4105409355652
5.24097433874334 0.661607474613624 -2.47368726005133
5.26472261903081 0.602193283001372 -2.52897195982951
5.28784897187642 0.543141972354846 -2.57686707627643
5.31045500003719 0.484415972306574 -2.61773630209195
5.33262703088606 0.425985969619861 -2.65186701881459
5.35443987453985 0.367829059791163 -2.6794876490871
5.37595970432947 0.309927093734964 -2.70078013284411
5.39724617379505 0.252265614100093 -2.71588871881467
5.41835404747949 0.194833116095233 -2.7249262542726
5.43933450097146 0.137620530492268 -2.72797867018422
5.46023619817663 0.0806208581725531 -2.72510811197841
5.48110622236593 0.0238289115749183 -2.71635500301967
5.50199091909677 -0.0327588668789055 -2.70173921744788
5.52293669866074 -0.0891445301774122 -2.68126045773013
5.54399084101015 -0.145328710972042 -2.65489786586265
5.56520234648826 -0.201310676992018 -2.62260883495136
5.58662288119028 -0.257088369732714 -2.58432691994754
5.60830787712165 -0.312658440002063 -2.53995866216468
5.63031786735852 -0.368016298971718 -2.48937902623412
5.65272017008755 -0.423156214498689 -2.43242497488097
5.67559109078333 -0.478071501863478 -2.36888643479841
5.69901890654546 -0.532754896540891 -2.29849345461113
5.72310806312899 -0.587199270021265 -2.22089756894462
5.74798532250102 -0.64139899739912 -2.13564393750776
5.77380920124781 -0.695352600815112 -2.04212800173257
5.8007853086804 -0.74906800681405 -1.93952445356469
5.82919313001894 -0.802573533848759 -1.82666254949956
5.85943747031667 -0.85594268684318 -1.70178586243448
5.89122979759029 -0.907899974444726 -1.56606173260055
5.92155980940974 -0.953389312850158 -1.43304530705154
5.95086302211781 -0.993465868143326 -1.30186569408457
5.97924427367697 -1.02858730353647 -1.17282036814939
6.00679047158292 -1.05915177560086 -1.04611505350731
6.03355066507596 -1.08548722141551 -0.921997919922444
6.06007647686046 -1.10830417139361 -0.798267023304582
6.08666535618038 -1.12787526729049 -0.673807680501824
6.11333304822828 -1.14417730249183 -0.548784338183576
6.1401234602449 -1.15719708676425 -0.423210761504688
6.1670716313483 -1.16690226449805 -0.297128930936046
6.19420952290794 -1.17324750198738 -0.17058757608141
6.22156665998624 -1.17617626429328 -0.0436446012331662
6.24917185042908 -1.17562219943167 0.0836353675649087
6.27705541573536 -1.17150929349214 0.211185216158421
6.30525230173583 -1.16375022514674 0.338942480099095
6.33380644302808 -1.15224198192242 0.466860239605227
6.3627770199408 -1.13685727806561 0.594923298348068
6.3922477927822 -1.11742928795557 0.723172608040675
6.42234194938247 -1.09372495122745 0.851744370286203
6.45324796245127 -1.06539659585988 0.980938965483486
6.48527035314304 -1.03188647600168 1.1113591992799
6.51984751860177 -0.991087041449068 1.24772698048222
6.55268788500514 -0.948050391502821 1.37239674828844
6.58397424372932 -0.903319161092888 1.48622554617871
6.61387695518279 -0.857312504872938 1.5900043307801
6.64256466096457 -0.810331222658106 1.6844879971918
6.67019066867823 -0.762597565260207 1.77034135494791
6.69689067213886 -0.714279151234308 1.84813347892915
6.72278353252521 -0.665505210661668 1.91834502916163
6.74797325460518 -0.61637747352731 1.98137987784393
6.77255119066547 -0.566977614706281 2.03757691582182
6.79659810682161 -0.517372449005191 2.08722059048472
6.82018599424823 -0.467617636352532 2.13054980407321
6.84337961240081 -0.417760382530433 2.16776522727069
6.86623779034107 -0.367841451169466 2.19903522367253
6.88881452435685 -0.317896694908898 2.22450060635394
6.9111599096913 -0.267958247241858 2.24427842719625
6.9333209409148 -0.218055471890164 2.25846496752847
6.95534221065493 -0.168215738330859 2.26713806413676
6.97726653200717 -0.118465073450377 2.27035887367458
6.99913550673672 -0.0688287261898969 2.26817315171863
7.02099005890947 -0.0193316736984201 2.26061209913459
7.04287095208309 0.030000907790562 2.24769280749153
7.06481930804486 0.0791431880382989 2.22941831552506
7.08687714592313 0.128068226414849 2.20577726846653
7.10908796252669 0.176747496804759 2.17674315010946
7.13149737907766 0.225150376732135 2.14227303072699
7.15415388575483 0.273243581529742 2.10230573979415
7.17710972547039 0.320990521486991 2.05675932561202
7.20042197384418 0.36835055579469 2.00552759615791
7.22415389587801 0.415278109954595 1.94847543513153
7.24837669845732 0.461721615888146 1.88543242841464
7.27317185912336 0.507622220686815 1.8161840828934
7.29863431711512 0.552912195720687 1.74045948896764
7.32487699745629 0.597512957776463 1.65791352206885
7.35203748316495 0.641332594060291 1.56810027066105
7.37920082207385 0.682661580522343 1.47426559876948
7.40573905106243 0.720530813978816 1.37913821927084
7.43172701281478 0.755129277400473 1.28306454487502
7.45716806989283 0.786549058259805 1.1865658935952
7.48207037007128 0.814899794977037 1.09008194550493
7.50643657862331 0.840293623986459 0.994014730685523
7.53029924501754 0.862877358375596 0.898593286106059
7.55420168887196 0.883202507253691 0.801918293759394
7.57810067856321 0.901203576006293 0.70438309668566
7.60202255930841 0.916879180461499 0.606089104893949
7.62598384644439 0.930217431736725 0.507165848272968
7.65000108605132 0.941204481282604 0.407733478509614
7.67408977890999 0.949823945626389 0.307909466555924
7.69826475449945 0.956057350494036 0.207809321960251
7.72254045292135 0.959884415593106 0.107547677844903
7.74693131769445 0.961283243609016 0.00723896047722901
7.77145228601315 0.960230337467449 -0.0930022326759763
7.79611939443623 0.956700377846417 -0.193061033061474
7.8209505207804 0.950665682084952 -0.292822451094768
7.84596629072859 0.942095251847421 -0.392171741919335
7.87119119508957 0.930953293508598 -0.490994967641005
7.89665498684244 0.917197055869749 -0.589179745205972
7.92239447130909 0.900773759905419 -0.686616211892128
7.94845587587359 0.881616270664771 -0.783198310813356
7.97489811350527 0.859636936050635 -0.87882562814244
8.00179748981709 0.834718595062516 -0.973406265216798
8.02925485654154 0.806700934550692 -1.06686172274916
8.05786637333379 0.774826025165979 -1.16060944558164
8.08703830137546 0.739624812836255 -1.25201963019229
8.11525331001112 0.703102805963309 -1.33607216610565
8.14273873029187 0.665305817418493 -1.41349834185983
8.16954761345355 0.626449714539335 -1.48447749824318
8.19574717916721 0.586698588845376 -1.54922612761897
8.22139939778095 0.546194273392585 -1.60793856152125
8.24656274332171 0.505058098922148 -1.66079127036786
8.27129206763994 0.46339484874941 -1.70794238530677
8.29563884635297 0.421295750047852 -1.74953248124071
8.3196514828961 0.37884096710991 -1.78568563845695
8.34337565501672 0.33610165373373 -1.81651063508134
8.36685467529285 0.29314165452679 -1.84210213415797
8.39012985189569 0.250018925693308 -1.86254179008961
8.41324084273256 0.206786733944566 -1.87789923152955
8.43622600077583 0.16349468162871 -1.88823289768405
8.45912271161625 0.120189597254535 -1.89359071628558
8.48196772629278 0.0769163239276416 -1.89401061683731
8.50479749400722 0.0337184330157627 -1.88952087438673
8.52764850081219 -0.00936111374255943 -1.88014027795271
8.55055762156295 -0.0522793328100539 -1.86587811438298
8.57356249410013 -0.0949925989439615 -1.84673395314945
8.59670192684768 -0.137456018499683 -1.82269720987705
8.6200163536366 -0.179622776836135 -1.79374645607571
8.64354835401644 -0.221443440085009 -1.75984842764304
8.66734326284779 -0.262865188410921 -1.72095666436859
8.69144990192879 -0.303830954541898 -1.6770096824875
8.71592147926312 -0.344278435319819 -1.62792853804552
8.74081672177422 -0.384138936070778 -1.57361357045838
8.76620133885258 -0.423335995625646 -1.51394000809583
8.79214996613244 -0.461783723243075 -1.44875194077131
8.817892985187 -0.498204526768835 -1.38019595402994
8.84315033382891 -0.532178328423449 -1.30946747618288
8.86795721452871 -0.563768525324765 -1.23693996893031
8.89231544878056 -0.593003281095853 -1.16303839672686
8.9162287485595 -0.619924292114866 -1.08814676839681
8.93969825190903 -0.644579996613768 -1.01262256893446
8.96272239148576 -0.667024970574366 -0.936799447203392
8.9856678004327 -0.687638732672086 -0.859732818715207
9.00858010076354 -0.70644297401545 -0.781476779164721
9.03146955733535 -0.723425084251676 -0.702191152641763
9.0543501491713 -0.738575969238162 -0.622014024780474
9.07723485997367 -0.751885742166516 -0.541078815366217
9.10013628798154 -0.763344165729441 -0.4595134471442
9.12306663900285 -0.772940615350395 -0.377441619131676
9.14603782803519 -0.780664124303995 -0.294983698223989
9.16906160019012 -0.786503427623028 -0.212257544990564
9.19214968376142 -0.79044699387312 -0.129379239826657
9.21531397589442 -0.792483025689897 -0.0464637245568069
9.23856676371522 -0.792599410686542 0.0363746282143201
9.26192098531054 -0.790783603684816 0.119021504616598
9.28539053551844 -0.787022420005228 0.201362178479756
9.30899062445853 -0.781301717721418 0.283281060578932
9.33273819950628 -0.773605943470882 0.364661244993936
9.35665244654082 -0.763917510888142 0.445384028412775
9.3807553930289 -0.75221597183409 0.525328374792525
9.40507264719174 -0.738476925589652 0.60437029901728
9.42963432369997 -0.722670587315408 0.68238214019711
9.4544762329113 -0.704759897803083 0.759231695699401
9.47964145361738 -0.684697991146305 0.834781189161026
9.50518247957517 -0.662424726942747 0.908886047101001
9.53116425531465 -0.637861798354359 0.981393474248817
9.55766864107264 -0.610905572361086 1.05214084151827
9.58514825377638 -0.581027043026379 1.12180921538965
9.61248269120909 -0.549460862206357 1.18713641351256
9.63925646719923 -0.516865533471821 1.24704017988776
9.6655674875625 -0.483325645408941 1.30174800998485
9.69145658070689 -0.44897324880155 1.35134867655516
9.71696820266167 -0.413920157447996 1.39593659157362
9.74214415395751 -0.378267668341709 1.43559719048468
9.76702449557142 -0.342107284034632 1.470408451279
9.79164767529053 -0.3055222636909 1.50044088338885
9.81605074434579 -0.268588892763803 1.52575774764043
9.84026956687081 -0.231377621411943 1.5464152916273
9.86433903315357 -0.193954076497956 1.56246299227556
9.88829327592867 -0.156379968129255 1.57394378182124
9.91216589078573 -0.118713908917507 1.58089423953561
9.93599016233661 -0.0810121631750761 1.58334473449992
9.95979929891348 -0.0433293416136968 1.58131950670247
9.98362667912156 -0.00571905672204721 1.57483667423612
10 0.0200116265776864 1.567818198452