0.1 9.51350760020597 9.51350760020597
0.35 2.54614695418689 2.54614695418689
0.6 1.48919223700414 1.48919223700414
1.1 0.951350760020597 0.951350760020597
1.225 0.911915598435492 0.911915598435492
1.35 0.891151433965412 0.891151433965412
1.475 0.885679450183296 0.885679450183296
1.6 0.893515342202484 0.893515342202484
1.975 0.98968653971451 0.98968653971451
2.725 1.57598325904989 1.57598325904989
3.1 2.19762025564758 2.19762025564758
3.475 3.2332835428254 3.2332835428254
3.6 3.71702382356233 3.71702382356233
3.85 4.98573489281899 4.98573489281899
