0.1 0.00205966381831036
0.225 0.000686587026413522
0.35 0.000336750898371792
0.475 0.000192115068777239
0.6 0.000119275281206667
0.725 7.82941911379865E-05
0.85 5.3506160029055E-05
0.975 3.77157693084714E-05
1.1 0.000205966381831036
1.225 0.000154482080943042
1.35 0.000117862814430127
1.475 9.12546576691883E-05
1.6 7.15651687240005E-05
1.725 5.67632885750402E-05
1.85 4.54802360246968E-05
1.975 3.67728750757596E-05
2.1 0.00022656302001414
2.225 0.000189240549155227
2.35 0.000159114799480672
2.475 0.000134600620062053
2.6 0.000114504269958401
2.725 9.79166727919444E-05
2.85 8.4138436645689E-05
2.975 7.26264282746252E-05
3.1 0.000475782342029693
3.225 0.00042106022187038
3.35 0.000373919778779578
3.475 0.000333136534653581
3.6 0.000297711101891842
3.725 0.000266822933358049
3.85 0.000239794544440214
3.975 0.00021606362411701
