///////////// A1. THERE DO BE MATRICES //////////// 

 Randomly constructed matrix

         6          1          0 
         9          5          4 
         5          2          7 
         6          2          3 
         1          5          1 
         9          0          3 
         4          9          2 
         4          1          1 

 a single column(vector)
         1          5          2          2          5          0          9          1 

////////////////// QR decompositon ///////////
Q:--------------------------------------------

     0.351     -0.147     -0.447 
     0.527      0.141    -0.0271 
     0.293   -0.00213      0.868 
     0.351     -0.044      0.073 
    0.0585      0.476   -0.00478 
     0.527     -0.377     -0.093 
     0.234      0.764     -0.128 
     0.234    -0.0638     -0.125 
R:--------------------------------------------

      17.1       6.91       7.55 
         0       9.66       1.23 
         0          0       5.52 

 upper Triangular bby, look at this beaut

---------------------------------------------

///////////// TESTs /////////////////////7777

////////////// QtQ = 1 //////////////////////

         1  -1.09e-16   6.59e-17 
 -1.09e-16          1  -1.73e-18 
  6.59e-17  -1.73e-18          1 

///////////// QR = A ////////////////////////

QR--------------------------------------------
         6          1          0 
         9          5          4 
         5          2          7 
         6          2          3 
         1          5          1 
         9          0          3 
         4          9          2 
         4          1          1 
A--------------------------------------------
         6          1          0 
         9          5          4 
         5          2          7 
         6          2          3 
         1          5          1 
         9          0          3 
         4          9          2 
         4          1          1 





////////////////// A.2 ///////////////////////////
sqare matrix A :

         3          5          1          2 
         7          2          1          9 
         4          9          1          2 
         3          8          3          5 

vector b:
         1          2          6          6 

solving Ax = b, A=QR

solution X:
     -3.48       2.12      -5.24       3.04 
A*x:
         1          2          6          6 
