0 0
0.125 0.140316137175334
0.25 0.27632436247415
0.375 0.404103149963997
0.5 0.520496962242239
0.625 0.623233983936084
0.75 0.711143395668304
0.875 0.78405828657033
1 0.842729958487199
1.125 0.888453832335261
1.25 0.922900440367081
1.375 0.948171921625316
1.5 0.971740145000712
1.625 0.97844940869043
1.75 0.986704871971583
1.875 0.99200961026537
2 0.995349502997208
2.125 0.997384200138324
2.25 0.998590830898226
2.375 0.999200007389081
2.5 0.999572768883691
2.625 0.999772538500662
2.75 0.999876967771357
2.875 1.00404064947191
3 1.00558976797901
3.125 0.999988929173843
3.25 0.9999953324959
3.375 1.00000474039625
3.5 0.999994195654403
3.625 1.00000004755253
3.75 1.00000615873111
3.875 0.999891163378635
4 0.998916588724263
4.125 0.999078950296597
4.25 0.999236171150492
4.375 0.999383372767133
4.5 0.999517521328299
4.625 0.999559056395949
4.75 0.999633513062589
4.875 0.999708470429712
5 0.999769810343906
5.125 0.999819174343651
5.25 0.999858320491807
5.375 0.999888975306433
5.5 0.999912736274499
5.625 0.999931016056826
5.75 0.999955642504414
5.875 1.0047893425382
6 1.00559523090488
6.125 1.00647576289297
6.25 0.999985505476578
6.375 0.999991059906714
6.5 0.99999603416953
6.625 0.999985309130978
6.75 0.999988420680672
6.875 0.999991381135436
7 0.999994271418063
7.125 0.999997152323831
7.25 1.00000007087767
7.375 1.00000306481324
7.5 1.0000061656068
7.625 1.00000940043888
7.75 1.00001279339028
7.875 1.00001636611445
8 1.00002013817
8.125 1.00002412714757
8.25 0.999078950432307
8.375 0.999158554144937
8.5 0.999236171184119
8.625 0.999311254368863
8.75 0.999383372775111
8.875 0.999452203372728
9 0.999517521330111
9.125 0.999507150023479
9.25 0.999559056396343
9.375 0.999606974680167
9.5 0.999650968686051
9.625 0.99969114861449
9.75 0.999727661633612
9.875 0.999760683257554
10 0.999790409599037
