#function data: x, y
-6 0.027027027027027
-5.14285714285714 0.0364312267657992
-4.28571428571429 0.0516332982086407
-3.42857142857143 0.0784
-2.57142857142857 0.131367292225201
-1.71428571428571 0.253886010362694
-0.857142857142858 0.576470588235294
0 1
0.857142857142857 0.576470588235294
1.71428571428571 0.253886010362694
2.57142857142857 0.131367292225201
3.42857142857143 0.0784
4.28571428571428 0.0516332982086407
5.14285714285714 0.0364312267657993
6 0.027027027027027


#Spline data: zs, b1, b2
-6 0.027027027027027 0.027027027027027
-5.83783783783784 0.0323262227150379 0.030716390668184
-5.67567567567568 0.0364062131840662 0.0339483451447062
-5.51351351351351 0.0387511322720132 0.0363608860824078
-5.35135135135135 0.0389775175689785 0.0374760187680612
-5.18918918918919 0.0371946966538512 0.0368981445851911
-5.02702702702703 0.0344101740312035 0.0349230402877489
-4.86486486486486 0.03252728745599 0.0332787510449521
-4.7027027027027 0.0335305358845441 0.0344655010557137
-4.54054054054054 0.0383219300403884 0.0394342026687135
-4.37837837837838 0.0462770846880726 0.0469333898523833
-4.21621621621622 0.0557669908753913 0.0551381167630373
-4.05405405405405 0.0649418261394743 0.0627668889003132
-3.89189189189189 0.0722563065861189 0.0691026968559886
-3.72972972972973 0.0767737010736823 0.0737764102933193
-3.56756756756757 0.0784423215084611 0.0767632045662154
-3.40540540540541 0.0783540795305884 0.0786485129295988
-3.24324324324324 0.0787377380277285 0.0809531753033489
-3.08108108108108 0.0823860768984263 0.0859538381953364
-2.91891891891892 0.0915823796546574 0.0955778439092564
-2.75675675675676 0.107122148855401 0.110174957475491
-2.59459459459459 0.128055011782492 0.128537333433872
-2.43243243243243 0.152203328404626 0.148995260059325
-2.27027027027027 0.177052345741173 0.170360547468129
-2.10810810810811 0.200658323503461 0.192282254096671
-1.94594594594595 0.222461848266816 0.215351946975167
-1.78378378378378 0.243933546985689 0.241249463708891
-1.62162162162162 0.268805464904324 0.272837775392563
-1.45945945945946 0.302530912800621 0.313763698581943
-1.2972972972973 0.350853688041044 0.367210672592253
-1.13513513513514 0.417888064198452 0.434352744405631
-0.972972972972973 0.50443485596171 0.51382404423252
-0.810810810810811 0.607055355237324 0.602554270063218
-0.648648648648648 0.717987457001822 0.696729274897393
-0.486486486486486 0.825823127127938 0.791712526173845
-0.324324324324324 0.91701735111373 0.880952361710663
-0.162162162162161 0.978344512118393 0.954718820403876
0 1 1
0.162162162162162 0.978344512118392 1.00320501024355
0.324324324324325 0.91701735111373 0.956263038708485
0.486486486486487 0.825823127127937 0.863118981504581
0.648648648648649 0.717987457001821 0.740639468829562
0.810810810810811 0.607055355237324 0.61162739956966
0.972972972972974 0.504434855961709 0.49540100548712
1.13513513513514 0.417888064198451 0.402702722531593
1.2972972972973 0.350853688041044 0.335997519503545
1.45945945945946 0.302530912800621 0.292145029098035
1.62162162162162 0.268805464904324 0.264903312347614
1.78378378378378 0.243933546985689 0.246685743707834
1.94594594594595 0.222461848266816 0.230129658022694
2.10810810810811 0.200658323503461 0.209928820694701
2.27027027027027 0.177052345741173 0.184399583120465
2.43243243243243 0.152203328404626 0.155584715851248
2.59459459459459 0.128055011782492 0.127577251915229
2.75675675675676 0.107122148855401 0.104285571338933
2.91891891891892 0.0915823796546573 0.0880270133446978
3.08108108108108 0.0823860768984263 0.0792256764384533
3.24324324324324 0.0787377380277285 0.0766971501894353
3.40540540540541 0.0783540795305884 0.078062985801861
3.56756756756757 0.0784423215084611 0.0802387753693913
3.72972972972973 0.0767737010736823 0.0801816580193235
3.89189189189189 0.0722563065861188 0.0759209506399574
4.05405405405405 0.0649418261394743 0.0673986261890454
4.21621621621622 0.0557669908753912 0.0564246459750283
4.37837837837838 0.0462770846880725 0.0456626745219126
4.54054054054054 0.0383219300403884 0.0373926752948959
4.7027027027027 0.033530535884544 0.0328043642211401
4.86486486486486 0.03252728745599 0.0319370925798581
5.02702702702703 0.0344101740312035 0.0339598682612396
5.18918918918919 0.0371946966538513 0.0375096188782168
5.35135135135135 0.0389775175689785 0.0409829561135189
5.51351351351351 0.0387511322720132 0.0427869992522256
5.67567567567568 0.0364062131840662 0.0415710075664594
5.83783783783784 0.0323262227150379 0.0364284999126916
6 0.027027027027027 NaN


#Derivative data: z, db1, db2
-5.83783783783784 0.0294439297041094 0.0216422641301228
-5.67567567567568 0.0203278783458827 0.0178474172177201
-5.51351351351351 0.00816026937688896 0.0113998750717048
-5.35135135135135 -0.00530491085087847 0.00188413486895689
-5.18918918918919 -0.0156565309050727 -0.00881118990964103
-5.02702702702703 -0.0166389554911994 -0.0137260225477331
-4.86486486486486 -0.00440277788532617 -0.00366561210551897
-4.7027027027027 0.0177526931419147 0.0193562513794987
-4.54054054054054 0.0406313280451598 0.040404860353338
-4.37837837837838 0.0557192972663878 0.050095718261145
-4.21621621621622 0.059369722034408 0.0497936969573454
-4.05405405405405 0.0521707547440631 0.0435851913588303
-3.89189189189189 0.0370502276775264 0.0341778784440638
-3.72972972972973 0.0185804024388503 0.0234092454726165
-3.56756756756757 0.00311640513395162 0.0139869949788984
-3.40540540540541 -0.00185497864291229 0.0108362362277736
-3.24324324324324 0.00957784733468525 0.0200542837752726
-3.08108108108108 0.0378769558634362 0.04375683702873
-2.91891891891892 0.0763887839649868 0.0752917032054157
-2.75675675675676 0.114230857606312 0.103360619160831
-2.59459459459459 0.141606044584686 0.121290795185303
-2.43243243243243 0.153544381348292 0.12977343633036
-2.27027027027027 0.150845083951578 0.133365110205341
-2.10810810810811 0.139650168928807 0.137594296151233
-1.94594594594595 0.130741346054952 0.148641337238686
-1.78378378378378 0.137964845825511 0.173737148279063
-1.62162162162162 0.174547321540874 0.219736141726656
-1.45945945945946 0.247513335438487 0.288473541776302
-1.2972972972973 0.352878186948846 0.371975227286825
-1.13513513513514 0.474798372118723 0.454596464749546
-0.972972972972973 0.589084926061467 0.522275580561171
-0.810810810810811 0.668522352920142 0.568154606139792
-0.648648648648648 0.687763451523438 0.588697397829741
-0.486486486486486 0.628032284621938 0.576177883071516
-0.324324324324324 0.482767986920152 0.514483918023778
-0.162162162162161 0.263218397078546 0.381667507820538
0 -8.35553848332893E-07 0.162161353678414
0.162162162162162 -0.263219926632807 -0.131706613615279
0.324324324324325 -0.482769132892358 -0.44333538806729
0.486486486486487 -0.628032918004173 -0.687286156209055
0.648648648648649 -0.687763561768584 -0.798768175713782
0.810810810810811 -0.668522024627194 -0.771996061077473
0.972972972972974 -0.58908430078386 -0.650510340149957
1.13513513513514 -0.47479761638991 -0.4905484725648
1.2972972972973 -0.352877464415702 -0.335638548398798
1.45945945945946 -0.247512775164438 -0.211792602178296
1.62162162162162 -0.174546986142499 -0.132137434161184
1.78378378378378 -0.137964722424222 -0.100309467371273
1.94594594594595 -0.130741366149989 -0.109519582819351
2.10810810810811 -0.139650244007639 -0.14137256867941
2.27027027027027 -0.150845135660216 -0.17119352599404
2.43243243243243 -0.153544356562563 -0.179729099658577
2.59459459459459 -0.141605921211152 -0.161532319131741
2.75675675675676 -0.114230648523561 -0.123328935855427
2.91891891891892 -0.076388536801586 -0.0767937936851926
3.08108108108108 -0.0378767398001578 -0.0330159930228557
3.24324324324324 -0.00957772154641656 -0.000659845608708132
3.40540540540541 0.00185499457461269 0.0142598264446514
3.56756756756757 -0.00311647579964713 0.00933405988612357
3.72972972972973 -0.0185805145019868 -0.0121634560201755
3.89189189189189 -0.0370503368124497 -0.0404426272193614
4.05405405405405 -0.0521708274497934 -0.062687812316109
4.21621621621622 -0.0593697351072842 -0.0697801354546113
4.37837837837838 -0.0557192383621175 -0.0605342155290955
4.54054054054054 -0.0406312044912149 -0.0402392158968534
4.7027027027027 -0.0177525437544679 -0.01634255664823
4.86486486486486 0.00440289144032491 0.00475621830808848
5.02702702702703 0.0166389892974905 0.0187608456686528
5.18918918918919 0.0156564895423261 0.0233461678600388
5.35135135135135 0.00530483144911553 0.0178305334178064
5.51351351351351 -0.00816035145706495 0.00300948894971231
5.67567567567568 -0.0203279446261972 -0.0189526029106823
5.83783783783784 -0.0294439758477538 -0.0448150451123897
6 -0.0354311682736197 NaN


#2derivatives: x, y
-5.83783783783784 -0.065277936958652
-5.67567567567568 -0.0428461910395583
-5.51351351351351 -0.109764549614463
-5.35135135135135 -0.0487666074935195
-5.18918918918919 -0.072077202536297
-5.02702702702703 0.0604461463209194
-4.86486486486486 0.0947747901217794
-4.7027027027027 0.159202132300057
-4.54054054054054 0.120807731374128
-4.37837837837838 0.0581140860780871
-4.21621621621622 -0.0119809267645765
-4.05405405405405 -0.0717838904359946
-3.89189189189189 -0.11306863684224
-3.72972972972973 -0.10511945010977
-3.56756756756757 -0.0796769194133691
-3.40540540540541 0.0251832674125988
-3.24324324324324 0.118305067376215
-3.08108108108108 0.220150194581159
-2.91891891891892 0.246894422420429
-2.75675675675676 0.206220717266503
-2.59459459459459 0.127883871825496
-2.43243243243243 0.0201629726248598
-2.27027027027027 -0.0481664658436021
-2.10810810810811 -0.0771322339887526
-1.94594594594595 -0.0193770016143624
-1.78378378378378 0.122939312924286
-1.62162162162162 0.337084616164329
-1.45945945945946 0.556609546814579
-1.2972972972973 0.72888406382754
-1.13513513513514 0.74714981501689
-0.972972972972973 0.634784363073848
-0.810810810810811 0.319365287548834
-0.648648648648648 -0.104628056663003
-0.486486486486486 -0.635590839515032
-0.324324324324324 -1.14872156764534
-0.162162162162161 -1.52385450175041
0 -1.67732586206565
0.162162162162162 -1.52385112439646
0.324324324324325 -1.14871572420849
0.486486486486487 -0.635584284869317
0.648648648648649 -0.10462192401306
0.810810810810811 0.319369886203624
0.972972972972974 0.634787008402249
1.13513513513514 0.747150420143949
1.2972972972973 0.728882692813126
1.45945945945946 0.556607056001468
1.62162162162162 0.337081739826273
1.78378378378378 0.122937051066918
1.94594594594595 -0.0193782181689972
2.10810810810811 -0.0771324104864579
2.27027027027027 -0.0481657692619208
2.43243243243243 0.0201641142949516
2.59459459459459 0.127885061151911
2.75675675675676 0.206221596771305
2.91891891891892 0.246894411012888
3.08108108108108 0.220149461896413
3.24324324324324 0.118303686277854
3.40540540540541 0.0251819991222216
3.56756756756757 -0.0796776994981332
3.72972972972973 -0.105119716133084
3.89189189189189 -0.113068312650177
4.05405405405405 -0.0717833225846731
4.21621621621622 -0.0119800762782285
4.37837837837838 0.0581150234463257
4.54054054054054 0.120808255947569
4.7027027027027 0.159202247933254
4.86486486486486 0.0947738475606461
5.02702702702703 0.0604452111210851
5.18918918918919 -0.0720779090891688
5.35135135135135 -0.048766850841396
5.51351351351351 -0.109764287957448
5.67567567567568 -0.0428460034465616
5.83783783783784 -0.0652775222313717
6 -0.0131145504039809


#3rd derivatives
-5.83783783783784 0.121280385512179
-5.67567567567568 -0.353902128540085
-5.51351351351351 0.0352975772083264
-5.35135135135135 0.0846299018572583
-5.18918918918919 0.235273053372786
-5.02702702702703 0.733962591065174
-4.86486486486486 0.109867724681911
-4.7027027027027 0.316125979810122
-4.54054054054054 -0.576792135206783
-4.37837837837838 -0.247595921688826
-4.21621621621622 -0.556527744733845
-4.05405405405405 -0.215550997259562
-3.89189189189189 -0.204249519450417
-3.72972972972973 0.186173298555303
-3.56756756756757 0.294599640918158
-3.40540540540541 0.788995442087964
-3.24324324324324 0.479728022792503
-3.08108108108108 0.609375461840811
-2.91891891891892 -0.235181646851546
-2.75675675675676 -0.231742595224738
-2.59459459459459 -0.753373193218554
-2.43243243243243 -0.460626537499703
-2.27027027027027 -0.424378142648008
-2.10810810810811 0.15165955462304
-1.94594594594595 0.536108791467788
-1.78378378378378 1.22614697695145
-1.62162162162162 1.32068923081041
-1.45945945945946 1.37027429203407
-1.2972972972973 0.578048066190995
-1.13513513513514 -0.23991239839205
-0.972972972972973 -1.32186273560375
-0.810810810810811 -2.36918182955348
-0.648648648648648 -2.94335366136933
-0.486486486486486 -3.42331205782642
-0.324324324324324 -2.79210564047006
-0.162162162162161 -1.76219015446399
0 1.70450320524651E-05
0.162162162162162 1.76221765135764
0.324324324324325 2.79212078924118
0.486486486486487 3.42331329716838
0.648648648648649 2.94334266813523
0.810810810810811 2.36916684243083
0.972972972972974 1.32184180767769
1.13513513513514 0.23989503039612
1.2972972972973 -0.578064500378339
1.45945945945946 -1.37028047075827
1.62162162162162 -1.32068835534405
1.78378378378378 -1.22613820310868
1.94594594594595 -0.536098933232032
2.10810810810811 -0.151649924340358
2.27027027027027 0.424383615214852
2.43243243243243 0.460629647421745
2.59459459459459 0.753371351608356
2.75675675675676 0.231736980549346
2.91891891891892 0.235173998358595
3.08108108108108 -0.609383798616525
3.24324324324324 -0.479728536353918
3.40540540540541 -0.788994702186768
3.56756756756757 -0.294592091942825
3.72972972972973 -0.186170236421423
3.89189189189189 0.204255086719285
4.05405405405405 0.215551967649996
4.21621621621622 0.556530827665325
4.37837837837838 0.247593091237674
4.54054054054054 0.576790478351574
4.7027027027027 -0.316137767741864
4.86486486486486 -0.109867485206805
5.02702702702703 -0.733968888846914
5.18918918918919 -0.235260743164378
5.35135135135135 -0.0846335673071463
5.51351351351351 -0.0352876238923772
5.67567567567568 0.353895970937879
5.83783783783784 -0.121273071237993
6 0.520440517225509


#integ
-5.67567567567568 0.0103853258627975
-5.51351351351351 0.0164791646835607
-5.35135135135135 0.0227814876436411
-5.18918918918919 0.0289576131211678
-5.02702702702703 0.0347634134469831
-4.86486486486486 0.040190775189188
-4.7027027027027 0.0455468149195015
-4.54054054054054 0.0513726905350366
-4.37837837837838 0.0582320701076145
-4.21621621621622 0.0665059140722197
-4.05405405405405 0.0762931154518034
-3.89189189189189 0.0874172883755002
-3.72972972972973 0.0995008025100786
-3.56756756756757 0.112085885422144
-3.40540540540541 0.124799107128013
-3.24324324324324 0.137536281524633
-3.08108108108108 0.150600374626754
-2.91891891891892 0.164705925158085
-2.75675675675676 0.180817103145387
-2.59459459459459 0.199885521575487
-2.43243243243243 0.222609170779848
-2.27027027027027 0.249305576791669
-2.10810810810811 0.279930766189883
-1.94594594594595 0.31423780714423
-1.78378378378378 0.352053650002541
-1.62162162162162 0.393627083399028
-1.45945945945946 0.439951654564294
-1.2972972972973 0.492928784362267
-1.13513513513514 0.55525919670601
-0.972972972972973 0.630042136178455
-0.810810810810811 0.720162964113512
-0.648648648648648 0.827598867808578
-0.486486486486486 0.952772698954235
-0.324324324324324 1.09408408908194
-0.162162162162161 1.24776207799265
0 1.40816838978603
0.162162162162162 1.56857470157942
0.324324324324325 1.72225269049013
0.486486486486487 1.86356408061783
0.648648648648649 1.98873791176349
0.810810810810811 2.09617381545855
0.972972972972974 2.18629464339361
1.13513513513514 2.26107758286606
1.2972972972973 2.3234079952098
1.45945945945946 2.37638512500777
1.62162162162162 2.42270969617304
1.78378378378378 2.46428312956952
1.94594594594595 2.50209897242784
2.10810810810811 2.53640601338218
2.27027027027027 2.5670312027804
2.43243243243243 2.59372760879222
2.59459459459459 2.61645125799658
2.75675675675676 2.63551967642668
2.91891891891892 2.65163085441398
3.08108108108108 2.66573640494531
3.24324324324324 2.67880049804743
3.40540540540541 2.69153767244405
3.56756756756757 2.70425089414992
3.72972972972973 2.71683597706199
3.89189189189189 2.72891949119656
4.05405405405405 2.74004366412026
4.21621621621622 2.74983086549985
4.37837837837838 2.75810470946445
4.54054054054054 2.76496408903703
4.7027027027027 2.77078996465256
4.86486486486486 2.77614600438288
5.02702702702703 2.78157336612508
5.18918918918919 2.7873791664509
5.35135135135135 2.79355529192842
5.51351351351351 2.7998576148885
5.67567567567568 2.80595145370927
5.83783783783784 2.8115243539173
6 2.81633677957206
