#function data: x, y
-6 0
-5.14285714285714 0
-4.28571428571429 0
-3.42857142857143 0
-2.57142857142857 0
-1.71428571428571 0
-0.857142857142858 0
0 1
0.857142857142857 1
1.71428571428571 1
2.57142857142857 1
3.42857142857143 1
4.28571428571428 1
5.14285714285714 1
6 1


#Spline data: zs, b1, b2
-6 0 0
-5.83783783783784 0.00714195681446722 0.00907755926554816
-5.67567567567568 0.0119720914863708 0.0159173213048698
-5.51351351351351 0.0133488896016141 0.0188925740609159
-5.35135135135135 0.0103048033451478 0.0158016025978523
-5.18918918918919 0.00278138738274943 0.00467095268724279
-5.02702702702703 -0.00746109403763798 -0.0136116276615575
-4.86486486486486 -0.0166748565304861 -0.0318768532657694
-4.7027027027027 -0.020653652902856 -0.0391648542498909
-4.54054054054054 -0.0171986197323781 -0.0308690296980847
-4.37837837837838 -0.00730409283399432 -0.0121603692443108
-4.21621621621622 0.00567468944593946 0.0088031770862765
-4.05405405405405 0.0175580421423538 0.0258530850524967
-3.89189189189189 0.0244707703817236 0.035013526428842
-3.72972972972973 0.0235935875568974 0.0335709012075675
-3.56756756756757 0.0139616755913709 0.0201255663074679
-3.40540540540541 -0.00264526889640443 -0.00390074973605927
-3.24324324324324 -0.0213399691647866 -0.0320965253781052
-3.08108108108108 -0.0352038027903761 -0.0531490637077054
-2.91891891891892 -0.0379395176604009 -0.0561788794247004
-2.75675675675676 -0.0267779882066504 -0.038099919722081
-2.59459459459459 -0.0038888983363123 -0.00526228773364623
-2.43243243243243 0.0242148793089048 0.0312135448004204
-2.27027027027027 0.0485014752117227 0.0602016413837382
-2.10810810810811 0.0596670795154145 0.0724342908218745
-1.94594594594595 0.0506304560620106 0.0610790348859115
-1.78378378378378 0.0192715147571684 0.0233807961938622
-1.62162162162162 -0.0291838736482132 -0.0357557039368584
-1.45945945945946 -0.0814781767600916 -0.100227350331648
-1.2972972972973 -0.118520721056174 -0.14430245007932
-1.13513513513514 -0.120186875588128 -0.142326991902984
-0.972972972972973 -0.0708196756595923 -0.0804513733178409
-0.810810810810811 0.0366225179194661 0.0396940474488525
-0.648648648648648 0.198598234245434 0.206208167420095
-0.486486486486486 0.40095920635153 0.403457314178078
-0.324324324324324 0.620662787438036 0.614677967772621
-0.162162162162161 0.829511098169884 0.820992182189542
0 1 1
0.162162162162162 1.11208617310594 1.12772849516432
0.324324324324325 1.15838992132902 1.18623097784176
0.486486486486487 1.14558141437655 1.17383082160282
0.648648648648649 1.09159043278508 1.10921268708595
0.810810810810811 1.02019455882328 1.02376236847909
0.972972972972974 0.955006675018458 0.947930988991712
1.13513513513514 0.914178140313123 0.901762000377657
1.2972972972973 0.906534021574629 0.892843160999614
1.45945945945946 0.929956116625211 0.918332591978324
1.62162162162162 0.972922155017236 0.967470484079047
1.78378378378378 1.01914794090972 1.02384898418823
1.94594594594595 1.05353144520005 1.0688866679162
2.10810810810811 1.06678361873628 1.08766559774118
2.27027027027027 1.05722002691038 1.07524371751682
2.43243243243243 1.03000142635732 1.03884274682518
2.59459459459459 0.994955841920726 0.993637686293849
2.75675675675676 0.963737256507797 0.955449854304136
2.91891891891892 0.946486787210333 0.935293211162417
3.08108108108108 0.948390144574743 0.937449959574945
3.24324324324324 0.967543705383156 0.959758978298197
3.40540540540541 0.99583312946367 0.9946305232025
3.56756756756757 1.02274350835402 1.03062061419129
3.72972972972973 1.03969169418592 1.05537145994254
3.89189189189189 1.04246174245173 1.06013604547077
4.05405405405405 1.03138884331395 1.04393054552469
4.21621621621622 1.01044082591312 1.01408126209446
4.37837837837838 0.986182416081263 0.982310285508281
4.54054054054054 0.966577187298076 0.959320891105142
4.7027027027027 0.958802787206543 0.951331620915391
4.86486486486486 0.965887219347248 0.959397334522945
5.02702702702703 0.984356784079137 0.980365661020217
5.18918918918919 1.00597252159382 1.00825027149215
5.35135135135135 1.02264804587553 1.03551959680526
5.51351351351351 1.0300102203073 1.05429637947978
5.67567567567568 1.02751566640303 1.05755044681058
5.83783783783784 1.01677179625453 1.04021662505494
6 1 NaN


#Derivative data: z, db1, db2
-5.83783783783784 0.038035491722356 0.0504220729578841
-5.67567567567568 0.0203300623800862 0.0322712551785453
-5.51351351351351 -0.00442140930291546 0.00209737525957987
-5.35135135135135 -0.0332905474905582 -0.0425157422913325
-5.18918918918919 -0.0577269824576614 -0.0943203496105161
-5.02702702702703 -0.0645773629041543 -0.123646441668734
-4.86486486486486 -0.0444385096221023 -0.0889766235204204
-4.7027027027027 -0.00223900898516094 0.0042404596015122
-4.54054054054054 0.0437158525906645 0.0917745060328989
-4.37837837837838 0.0746923257506291 0.130065270902494
-4.21621621621622 0.0809708458051825 0.122198039546537
-4.05405405405405 0.0615384791041729 0.0841193883507896
-3.89189189189189 0.0207399705742795 0.0260705176127751
-3.72972972972973 -0.0326517705512286 -0.0454642233096991
-3.56756756756757 -0.0843668355680199 -0.119168717220564
-3.40540540540541 -0.115323374609826 -0.17062444251318
-3.24324324324324 -0.107838556123036 -0.164902592310334
-3.08108108108108 -0.0563461346539396 -0.0826447527912944
-2.91891891891892 0.0256044383750709 0.048622403346632
-2.75675675675676 0.109748010783395 0.167216322753683
-2.59459459459459 0.165656258726068 0.225820959317419
-2.43243243243243 0.171442366820457 0.212457743717365
-2.27027027027027 0.118275608779195 0.13551548466717
-2.10810810810811 0.0118653380593026 0.0081780993782532
-1.94594594594595 -0.125764182699883 -0.151452586256984
-1.78378378378378 -0.255717851810333 -0.308902790301796
-1.62162162162162 -0.328043824375512 -0.403808678162143
-1.45945945945946 -0.296772339591911 -0.363794238011916
-1.2972972972973 -0.138801149338064 -0.15202739314657
-1.13513513513514 0.134782980804049 0.191010463029828
-0.972972972972973 0.481513728181615 0.569764302238429
-0.810810810810811 0.839966961041494 0.899045756938555
-0.648648648648648 1.14302452555726 1.13831038831003
-0.486486486486486 1.32869950492109 1.27735271254759
-0.324324324324324 1.3513787270325 1.30850344803868
-0.162162162162161 1.19541156007319 1.21286084020511
0 0.886109979614247 0.969443460618891
0.162162162162162 0.488551379795865 0.586217666187494
0.324324324324325 0.0896954401863326 0.133052667328215
0.486486486486487 -0.228651862554941 -0.265888940642611
0.648648648648649 -0.41216336787997 -0.497223339390729
0.810810810810811 -0.443564677210517 -0.524352081310298
0.972972972972974 -0.341354098432056 -0.390160134311479
1.13513513513514 -0.152943660070015 -0.171725083264462
1.2972972972973 0.056334319431528 0.0585405780517689
1.45945945945946 0.220190584654389 0.244565624085702
1.62162162162162 0.292332451135024 0.344273786367921
1.78378378378378 0.261763515752023 0.331336872827492
1.94594594594595 0.152575365452989 0.208062204132275
2.10810810810811 0.00923432752486519 0.0181936878895783
2.27027027027027 -0.121646561712652 -0.163480081916134
2.43243243243243 -0.203656995934054 -0.269029802657528
2.59459459459459 -0.216248115969542 -0.271656617201188
2.75675675675676 -0.157981799198126 -0.187836740828118
2.91891891891892 -0.0491923525247628 -0.056414834692653
3.08108108108108 0.0706222518243038 0.0806888129645245
3.24324324324324 0.156830952224851 0.186509961142001
3.40540540540541 0.180777788516551 0.231517171211948
3.56756756756757 0.142042217543548 0.199164201575286
3.72972972972973 0.0626549390148057 0.0966192106321984
3.89189189189189 -0.0280361798221662 -0.0389423064905969
4.05405405405405 -0.104346772111796 -0.1529387496646
4.21621621621622 -0.147157648289209 -0.20253829702277
4.37837837837838 -0.143629253712696 -0.177938039414016
4.54054054054054 -0.090411243047761 -0.0991591339039033
4.7027027027027 -0.00205513561724047 0.00159180701952977
4.86486486486486 0.0856687101258302 0.094498426861378
5.02702702702703 0.133059304241456 0.157827307112335
5.18918918918919 0.124825574099319 0.178220736835044
5.35135135135135 0.0763694916194879 0.149881135058649
5.51351351351351 0.0140760234579318 0.0743544625869674
5.67567567567568 -0.0430264577300221 -0.0395146650955525
5.83783783783784 -0.0871203511554342 -0.176654108230423
6 -0.117621805406642 NaN


#Integral Data: x,y
-5.67567567567568 0.00212886527961934
-5.51351351351351 0.00418191780026677
-5.35135135135135 0.00609978479595017
-5.18918918918919 0.00716082728740129
-5.02702702702703 0.00678139161268059
-4.86486486486486 0.00482442264769756
-4.7027027027027 0.00179778674769685
-4.54054054054054 -0.00127131643894376
-4.37837837837838 -0.00325802286324423
-4.21621621621622 -0.00339013665146489
-4.05405405405405 -0.0015064016578195
-3.89189189189189 0.00190133989818679
-3.72972972972973 0.00579845000131821
-3.56756756756757 0.00884347133766429
-3.40540540540541 0.00976101782644536
-3.24324324324324 0.0078162687944569
-3.08108108108108 0.00323163863593019
-2.91891891891892 -0.00269890086007874
-2.75675675675676 -0.00794626620065047
-2.59459459459459 -0.0104327705149447
-2.43243243243243 -0.00878471800365347
-2.27027027027027 -0.00288879736684583
-2.10810810810811 0.00588162598940854
-1.94594594594595 0.0148246694146052
-1.78378378378378 0.0204923967783224
-1.62162162162162 0.0196886920033728
-1.45945945945946 0.0107160933216184
-1.2972972972973 -0.00550003352834907
-1.13513513513514 -0.0248547035265357
-0.972972972972973 -0.0403417211952698
-0.810810810810811 -0.0431144637147395
-0.648648648648648 -0.0240425108365043
-0.486486486486486 0.0245702546173036
-0.324324324324324 0.107404470329971
-0.162162162162161 0.224986136730614
0 0.373324874420063
0.162162162162162 0.544575104671896
0.324324324324325 0.728667760977433
0.486486486486487 0.915476247656262
0.648648648648649 1.09686855958829
0.810810810810811 1.26809436971869
0.972972972972974 1.42824582111127
1.13513513513514 1.57980134667869
1.2972972972973 1.72742665710202
1.45945945945946 1.87633126290201
1.62162162162162 2.03061869033248
1.78378378378378 2.19213788729953
1.94594594594595 2.36019297265978
2.10810810810811 2.53211041027624
2.27027027027027 2.70432692208543
2.43243243243243 2.873561093972
2.59459459459459 3.03774681842697
2.75675675675676 3.19655977235361
2.91891891891892 3.35144280292535
3.08108108108108 3.50508147307009
3.24324324324324 3.66042746090451
3.40540540540541 3.81962017724344
3.56756756756757 3.98328855328272
3.72972972972973 4.15051302916433
3.89189189189189 4.3193362807836
4.05405405405405 4.48748632827812
4.21621621621622 4.65304008524247
4.37837837837838 4.81492845621499
4.54054054054054 4.97326031594845
4.7027027027027 5.12937220577315
4.86486486486486 5.28542815225048
5.02702702702703 5.44355604442019
5.18918918918919 5.60493409623151
5.35135135135135 5.76941684494524
5.51351351351351 5.93584859625736
5.67567567567568 6.10267501950415
5.83783783783784 6.26842805701692
6 6.43195009455107
