1 4.76217393479776 0.0427350427350427
2 4.60517018598809 0.05
3 4.47733681447821 0.0568181818181818
4 4.27666611901606 0.0694444444444444
6 3.97029191355212 0.0943396226415094
9 3.38439026334577 0.0338983050847458
10 3.22684399451738 0.0396825396825397
13 2.72129542785223 0.0657894736842105
15 2.40694510831829 0.0900900900900901



1 4.77905437305772
1.25 4.73603667394551
1.5 4.6930189748333
1.75 4.65000127572109
2 4.60698357660887
2.25 4.56396587749666
2.5 4.52094817838445
2.75 4.47793047927224
3 4.43491278016003
3.25 4.39189508104782
3.5 4.34887738193561
3.75 4.30585968282339
4 4.26284198371118
4.25 4.21982428459897
4.5 4.17680658548676
4.75 4.13378888637455
5 4.09077118726234
5.25 4.04775348815013
5.5 4.00473578903791
5.75 3.9617180899257
6 3.91870039081349
6.25 3.87568269170128
6.5 3.83266499258907
6.75 3.78964729347686
7 3.74662959436465
7.25 3.70361189525243
7.5 3.66059419614022
7.75 3.61757649702801
8 3.5745587979158
8.25 3.53154109880359
8.5 3.48852339969138
8.75 3.44550570057917
9 3.40248800146695
9.25 3.35947030235474
9.5 3.31645260324253
9.75 3.27343490413032
10 3.23041720501811
10.25 3.1873995059059
10.5 3.14438180679369
10.75 3.10136410768147
11 3.05834640856926
11.25 3.01532870945705
11.5 2.97231101034484
11.75 2.92929331123263
12 2.88627561212042
12.25 2.8432579130082
12.5 2.80024021389599
12.75 2.75722251478378
13 2.71420481567157
13.25 2.67118711655936
13.5 2.62816941744715
13.75 2.58515171833494
14 2.54213401922272
14.25 2.49911632011051
14.5 2.4560986209983
14.75 2.41308092188609
15 2.37006322277388
15.25 2.32704552366167
15.5 2.28402782454946
15.75 2.24101012543724



1 4.74329990220915
1.25 4.69927490640269
1.5 4.65524991059622
1.75 4.61122491478976
2 4.56719991898329
2.25 4.52317492317683
2.5 4.47914992737036
2.75 4.4351249315639
3 4.39109993575743
3.25 4.34707493995097
3.5 4.3030499441445
3.75 4.25902494833803
4 4.21499995253157
4.25 4.1709749567251
4.5 4.12694996091864
4.75 4.08292496511217
5 4.03889996930571
5.25 3.99487497349924
5.5 3.95084997769278
5.75 3.90682498188631
6 3.86279998607984
6.25 3.81877499027338
6.5 3.77474999446691
6.75 3.73072499866045
7 3.68670000285398
7.25 3.64267500704752
7.5 3.59865001124105
7.75 3.55462501543459
8 3.51060001962812
8.25 3.46657502382166
8.5 3.42255002801519
8.75 3.37852503220872
9 3.33450003640226
9.25 3.29047504059579
9.5 3.24645004478933
9.75 3.20242504898286
10 3.1584000531764
10.25 3.11437505736993
10.5 3.07035006156347
10.75 3.026325065757
11 2.98230006995053
11.25 2.93827507414407
11.5 2.8942500783376
11.75 2.85022508253114
12 2.80620008672467
12.25 2.76217509091821
12.5 2.71815009511174
12.75 2.67412509930528
13 2.63010010349881
13.25 2.58607510769235
13.5 2.54205011188588
13.75 2.49802511607941
14 2.45400012027295
14.25 2.40997512446648
14.5 2.36595012866002
14.75 2.32192513285355
15 2.27790013704709
15.25 2.23387514124062
15.5 2.18985014543416
15.75 2.14582514962769



1 4.81480884390629
1.25 4.77279844148833
1.5 4.73078803907037
1.75 4.68877763665241
2 4.64676723423446
2.25 4.6047568318165
2.5 4.56274642939854
2.75 4.52073602698058
3 4.47872562456263
3.25 4.43671522214467
3.5 4.39470481972671
3.75 4.35269441730876
4 4.3106840148908
4.25 4.26867361247284
4.5 4.22666321005488
4.75 4.18465280763693
5 4.14264240521897
5.25 4.10063200280101
5.5 4.05862160038305
5.75 4.0166111979651
6 3.97460079554714
6.25 3.93259039312918
6.5 3.89057999071122
6.75 3.84856958829327
7 3.80655918587531
7.25 3.76454878345735
7.5 3.72253838103939
7.75 3.68052797862144
8 3.63851757620348
8.25 3.59650717378552
8.5 3.55449677136756
8.75 3.51248636894961
9 3.47047596653165
9.25 3.42846556411369
9.5 3.38645516169573
9.75 3.34444475927778
10 3.30243435685982
10.25 3.26042395444186
10.5 3.2184135520239
10.75 3.17640314960595
11 3.13439274718799
11.25 3.09238234477003
11.5 3.05037194235207
11.75 3.00836153993412
12 2.96635113751616
12.25 2.9243407350982
12.5 2.88233033268025
12.75 2.84031993026229
13 2.79830952784433
13.25 2.75629912542637
13.5 2.71428872300842
13.75 2.67227832059046
14 2.6302679181725
14.25 2.58825751575454
14.5 2.54624711333659
14.75 2.50423671091863
15 2.46222630850067
15.25 2.42021590608271
15.5 2.37820550366476
15.75 2.3361951012468
