/////// Part A ////////
a random matrix A
         4          9          3 
         9          2          6 
         3          6          3 

eigen-vector matrix V
     0.558      0.546      0.625 
    -0.773     0.0689      0.631 
     0.301     -0.835       0.46 

eigen-value matrix  D
     -6.84   2.83e-13   1.61e-21 
  2.83e-13      0.545   1.32e-23 
  8.34e-16  -5.91e-16       15.3 

///// making checks ////

VtAV=D:
     -6.84   2.83e-13   2.22e-15 
  2.84e-13      0.545  -1.67e-15 
  2.66e-15          0       15.3 

VDVt = A
         4          9          3 
         9          2          6 
         3          6          3 

VtV=1
         1          0  -2.78e-17 
         0          1          0 
 -2.78e-17          0          1 

 VVt = 1
         1   2.78e-16   5.55e-17 
  2.78e-16          1   1.11e-16 
  5.55e-17   1.11e-16          1 
