0 3.04062120592432 -0.0310558311438192
0.0625 3.0377082062385 -0.0622299061827824
0.125 3.0328275109814 -0.0941220309480756
0.1875 3.02591542846074 -0.127335797142872
0.25 3.0168701359908 -0.162489634628808
0.3125 3.00555041020522 -0.200227755406337
0.375 2.99177367445576 -0.241231072770397
0.4375 2.97531336364625 -0.286228122810108
0.5 2.9558956075851 -0.336005932169256
0.5625 2.93319524104551 -0.391420652714117
0.625 2.90683116525919 -0.453407601508304
0.6875 2.87636111601332 -0.52299007644992
0.75 2.84127594433171 -0.601285927080424
0.8125 2.80099359604952 -0.689510297009322
0.875 2.75485309909698 -0.788972156222183
0.9375 2.70210904895421 -0.901061134344982
1 2.64192734521029 -1.02721967543468
1.0625 2.5733833011448 -1.1688936136767
1.125 2.4954637501576 -1.32745195522334
1.1875 2.40707542639898 -1.50406417738113
1.25 2.30706269547376 -1.69952133852654
1.3125 2.19423859043825 -1.91398701001495
1.375 2.06743389475398 -2.14666777653042
1.4375 1.92556935300538 -2.39540431506082
1.5 1.76775537550074 -2.65620727561929
1.5625 1.59342096160624 -2.92280099904558
1.625 1.40246801985442 -3.18629135908141
1.6875 1.19543822137646 -3.43512916727466
1.75 0.973667710473197 -3.65556751552575
1.8125 0.739393544489137 -3.83276495002332
1.875 0.495770552754799 -3.95252865797715
1.9375 0.246765325931906 -4.00343590516371
2 -0.0030812304057192 -3.97881730291157
2.0625 -0.24899491260859 -3.87799246201076
2.125 -0.486351033809126 -3.70632998171469
2.1875 -0.711022446650959 -3.47410860084772
2.25 -0.919628378321999 -3.19457397152171
2.3125 -1.10965235320283 -2.88179559024549
2.375 -1.27943445281539 -2.54886053975384
2.4375 -1.42806952571379 -2.20669510999004
2.5 -1.55525268976282 -1.86354366623466
2.5625 -1.66110940109935 -1.52496478230091
2.625 -1.74603633217573 -1.19414851460794
2.6875 -1.8105674568986 -0.872380963933816
2.75 -1.85527051986209 -0.559537072016606
2.8125 -1.88067340306172 -0.25453788568257
2.875 -1.88721730227262 0.0442499005033671
2.9375 -1.875233118576 0.338668617628068
3 -1.84493814698656 0.630462180132305
3.0625 -1.79645132085059 0.920986453294976
3.125 -1.72982646893328 1.21092011966525
3.1875 -1.64510389253466 1.49996706929393
3.25 -1.54238071944725 1.78655553936301
3.3125 -1.42189955567368 2.0675597759589
3.375 -1.28415255725082 2.33809582684696
3.4375 -1.12999398029619 2.59146926419744
3.5 -0.960748822137245 2.81936827910225
3.5625 -0.778299494142365 3.01238420322013
3.625 -0.585128789154294 3.16088701924104
3.6875 -0.384298616918956 3.25618294218545
3.75 -0.179352356111755 3.2917591495934
3.8125 0.0258560004638182 3.26433080519484
3.875 0.227384386073494 3.17440718676353
3.9375 0.421440763910801 3.02621083115913
4 0.604596118838198 2.82697606858947
4.0625 0.773939255779187 2.58583377653356
4.125 0.927156631188176 2.31257804831354
4.1875 1.06253865927425 2.01658444375291
4.25 1.17892778443587 1.70604540950686
4.3125 1.27563012943057 1.38756792031182
4.375 1.35231230630896 1.06608861229305
4.4375 1.40890060906717 0.745019085406615
4.5 1.44549408427622 0.426530741583544
4.5625 1.46229782283086 0.111907062614497
4.625 1.45957907940416 -0.198084141343996
4.6875 1.43764654823445 -0.502825047450611
4.75 1.39685191712843 -0.801502244113363
4.8125 1.33761215242707 -1.09279054042272
4.875 1.26045031504233 -1.37457892223756
4.9375 1.16605164496731 -1.64376062979767
5 1.05532991493983 -1.89612100632775
5.0625 0.929496637852896 -2.12636581001108
5.125 0.790122992110009 -2.32833209813548
5.1875 0.639182142687411 -2.49540618887486
5.25 0.479059203023956 -2.62113457783654
5.3125 0.312518632127304 -2.69995861956842
5.375 0.142624967379825 -2.72794871981113
5.4375 -0.0273783020161732 -2.70338364398608
5.5 -0.194217502860998 -2.62703688790748
5.5625 -0.354744181582715 -2.50209819606055
5.625 -0.506074536492389 -2.33375269499713
5.6875 -0.645694493421466 -2.12852563703563
5.75 -0.771520445879537 -1.89354525898918
5.8125 -0.881915249349473 -1.63586938005026
5.875 -0.975666889775715 -1.3619762854795
5.9375 -1.05194171008899 -1.07746207841268
6 -1.11022507647759 -0.786936976975433
6.0625 -1.15026084198767 -0.494082824113751
6.125 -1.17199818155038 -0.20182329493333
6.1875 -1.17555136782729 0.0874392689689328
6.25 -1.16117542308238 0.371558202670557
6.3125 -1.12925849138653 0.648377463986207
6.375 -1.08033012382074 0.915491238603718
6.4375 -1.01508323436412 1.1700506498088
6.5 -0.934406057765309 1.40864103190192
6.5625 -0.839418933166887 1.62725427964426
6.625 -0.731509253729269 1.82137833035992
6.6875 -0.612356798467199 1.98621624974414
6.75 -0.483941423090761 2.11702854387737
6.8125 -0.348526291823235 2.20956555024512
6.875 -0.208612809448121 2.2605282653064
6.9375 -0.0668679630970252 2.26797602135542
7 0.0739699698305004 2.23159855319797
7.0625 0.211196839934267 2.15279322156439
7.125 0.342246220179409 2.03453076357451
7.1875 0.464778709978957 1.88104120321045
7.25 0.57674772310514 1.69738896936772
7.3125 0.676437455176693 1.48902153530758
7.375 0.762473846785587 1.26136760038192
7.4375 0.833813401050236 1.01953636358518
7.5 0.889717009165566 0.768139799685767
7.5625 0.929716470022925 0.511234289784707
7.625 0.953580586787645 0.252361140448504
7.6875 0.96128615649185 -0.00534234644990461
7.75 0.952997328961093 -0.258990970629547
7.8125 0.929055006039612 -0.505786628251823
7.875 0.889976309116857 -0.742865037652583
7.9375 0.83646267493434 -0.967176416198332
8 0.76941382542627 -1.1754199082316
8.0625 0.689943714968206 -1.3640482443582
8.125 0.599393692267401 -1.52935332848738
8.1875 0.499337722211088 -1.66763391292895
8.25 0.391574841798238 -1.77543312001802
8.3125 0.27810526974645 -1.8498181241277
8.375 0.161088767140481 -1.88866070573485
8.4375 0.0427866870677416 -1.89087060600556
8.5 -0.0745079088167532 -1.85653767711416
8.5625 -0.188545374482407 -1.78695455512518
8.625 -0.297192104143015 -1.68451543785317
8.6875 -0.39849343841209 -1.55251161600843
8.75 -0.49072156071719 -1.39486322953298
8.8125 -0.572405864822861 -1.21583445327958
8.875 -0.642346157282601 -1.01977540078387
8.9375 -0.699611410219002 -0.810921703890872
9 -0.743528226735224 -0.593266955632308
9.0625 -0.77366365618354 -0.370508491399693
9.125 -0.789806660401103 -0.146056014251135
9.1875 -0.79195164986789 0.0769139575076377
9.25 -0.78028634200328 0.295377602388381
9.3125 -0.755184941213765 0.506377239715323
9.375 -0.717206427846121 0.706947339076822
9.4375 -0.667096646961034 0.894069386854654
9.5 -0.60579196888883 1.06466852676305
9.5625 -0.534421627286245 1.21566010497632
9.625 -0.454305527441826 1.34404769869297
9.6875 -0.366944468205816 1.44706600312402
9.75 -0.274000414011154 1.5223530310342
9.8125 -0.177265680949186 1.56812826362838
9.875 -0.0786215219384553 1.58334900172971
9.9375 0.0200116698692846 1.5678181891559
10 0.116728841776448 1.52222409836606



0 0.062459317893133 0.99804751070025
0.0625 0.124674733486554 0.99219766722329
0.125 0.186403296913396 0.982473313082721
0.1875 0.247403959454088 0.968912421673394
0.25 0.307438514826442 0.951567947986119
0.3125 0.366272529376093 0.930507621819553
0.375 0.423676257534905 0.905813683296791
0.4375 0.479425538972493 0.877582561719441
0.5 0.533302673937527 0.845924499013267
0.5625 0.585097273370595 0.810963119235825
0.625 0.634607080468983 0.772834945827166
0.6875 0.681638760495162 0.73168886848872
0.75 0.726008655744804 0.687685561772201
0.8125 0.767543502726184 0.640996857648917
0.875 0.806081108750411 0.5918050745096
0.9375 0.841470985290409 0.540302305214991
1 0.873574935635395 0.486689666977327
1.0625 0.902267594546077 0.431176516001931
1.125 0.927436917803232 0.373979629955707
1.1875 0.948984619737987 0.315322361454995
1.25 0.966826557035252 0.255433765878373
1.3125 0.980893057311564 0.194547706910313
1.375 0.991129191184255 0.132901943308489
1.4375 0.997494986769517 0.0707372004609222
1.5 0.999965585771754 0.00829623035848422
1.5625 0.998531340554691 -0.0541771363464299
1.625 0.993197851815192 -0.116438942493384
1.6875 0.983985946712653 -0.178246057061393
1.75 0.970931597539397 -0.239357124590359
1.8125 0.954085781249636 -0.299533507668978
1.875 0.93351428039556 -0.358540218808727
1.9375 0.909297426247876 -0.416146838064978
2 0.881529785103914 -0.472128412821955
2.0625 0.85031978900826 -0.526266336227883
2.125 0.815789312327944 -0.578349200850068
2.1875 0.778073195835639 -0.6281736242164
2.25 0.737318720159334 -0.675545043019557
2.3125 0.693685030654628 -0.720278472882551
2.375 0.647342515945526 -0.762199230718773
2.4375 0.598472142560504 -0.801143616865699
2.5 0.547264748262086 -0.836959554328576
2.5625 0.49392029682947 -0.869507182637833
2.625 0.438647097204242 -0.898659404001219
2.6875 0.381660990048419 -0.924302379617966
2.75 0.323184504891279 -0.946335974216871
2.8125 0.263445991156314 -0.964674147082383
2.875 0.202678726461614 -0.979245288041762
2.9375 0.141120005675757 -0.989992497101271
3 0.0790102142864298 -0.996873806639431
3.0625 0.0165918897002346 -0.999862345289686
3.125 -0.0458912258606899 -0.99894644287252
3.1875 -0.108195137166834 -0.994129675967249
3.25 -0.170076548777466 -0.985430853945564
3.3125 -0.231293815104128 -0.972883945521333
3.375 -0.291607884031481 -0.956537946103499
3.4375 -0.35078323041071 -0.936456686470061
3.5 -0.408588775780185 -0.912718583510246
3.5625 -0.464798790721912 -0.885416334008238
3.625 -0.519193776330084 -0.854656552664219
3.6875 -0.571561321349606 -0.820559355766243
3.75 -0.621696931637508 -0.783257892138705
3.8125 -0.669404828708195 -0.742897823199027
3.875 -0.714498714244246 -0.699636754152939
3.9375 -0.756802497587357 -0.653643618549527
4 -0.796150983368596 -0.605098018599334
4.0625 -0.832390516592784 -0.554189523831568
4.125 -0.865379582657963 -0.501116930829155
4.1875 -0.89498935996689 -0.446087486932326
4.25 -0.92110422297262 -0.389316080942194
4.3125 -0.943622193693788 -0.331024403984579
4.375 -0.962455339936452 -0.271440083810906
4.4375 -0.977530118667423 -0.210795795916707
4.5 -0.988787663198239 -0.149328354948786
4.5625 -0.996184013058324 -0.087277789949092
4.625 -0.999690285659686 -0.0248864070464432
4.6875 -0.999292789082802 0.0376021567437201
4.75 -0.994993075543277 0.0999438849166693
4.8125 -0.986807935330468 0.161895334357618
4.875 -0.974769331241769 0.223214585981878
4.9375 -0.958924273768568 0.283662189423707
5 -0.939334637521286 0.343002098084867
5.0625 -0.916076919610346 0.401002590891538
5.125 -0.889241940926594 0.457437177160155
5.1875 -0.858934491487662 0.512085481038683
5.25 -0.825272921235192 0.564734102069602
5.3125 -0.788388677880848 0.615177448514131
5.375 -0.748425793605811 0.663218540183567
5.4375 -0.705540322618193 0.708669777642708
5.5 -0.659899731764696 0.751353674781638
5.5625 -0.611682246576157 0.791103551895183
5.625 -0.561076155300661 0.8277641865636
5.6875 -0.508279073641964 0.861192419792799
5.75 -0.453497173074396 0.891257715047158
5.8125 -0.396944375747663 0.9178426679919
5.875 -0.338841519125432 0.940843464954506
5.9375 -0.279415493619757 0.96017028831489
6 -0.218898356588879 0.97574766724128
6.0625 -0.157526426158199 0.987514772402204
6.125 -0.0955393584030628 0.995425653503728
6.1875 -0.0331792114969062 0.999449418724368
6.25 0.0293104995207285 0.999570355346995
6.3125 0.0916857536652144 0.995787991116661
6.375 0.153702976903564 0.988117096084738
6.4375 0.215119993305817 0.976587624932192
6.5 0.275696970736865 0.961244599997186
6.5625 0.33519735739581 0.942147935463821
6.625 0.393388805545684 0.919372203398523
6.6875 0.450044078826394 0.893006342547721
6.75 0.504941939607842 0.863153311033947
6.8125 0.557868012918143 0.829929684306568
6.875 0.608615623573299 0.793465199917149
6.9375 0.656986603239375 0.753902250897094
7 0.702792064275601 0.711395329715902
7.0625 0.74585313733657 0.666110424991378
7.125 0.786001669853202 0.618224373307634
7.1875 0.823080882664932 0.567924168672011
7.25 0.856945982238978 0.515406232307479
7.3125 0.887464726085988 0.460875645631966
7.375 0.914517939164129 0.404545349419806
7.4375 0.937999979255082 0.346635312272575
7.5 0.957819149494638 0.287371671646401
7.5625 0.973898056446998 0.226985850790043
7.625 0.986173912324476 0.165713655042053
7.6875 0.994598780172474 0.103794351015971
7.75 0.999139761062261 0.0414697322693226
7.8125 0.999779122560584 -0.021016824895054
7.875 0.996514367974446 -0.0834213118082614
7.9375 0.989358246100634 -0.145500040283976
8 0.978338701441942 -0.207010594215601
8.0625 0.963498765084487 -0.267712776205977
8.125 0.944896386662234 -0.327369545533083
8.1875 0.922604208064921 -0.385747943788975
8.25 0.896709279773032 -0.442620004577396
8.3125 0.867312720927528 -0.49776364371767
8.375 0.834529324461773 -0.550963526478677
8.4375 0.79848710883758 -0.602011908456375
8.5 0.759326818135857 -0.650709446811247
8.5625 0.717201372453985 -0.696865978697831
8.625 0.672275270756104 -0.740301263846558
8.6875 0.624723948508186 -0.780845688398154
8.75 0.574733092606283 -0.818340927242127
8.8125 0.522497916273179 -0.852640562272938
8.875 0.468222396754928 -0.883610654149574
8.9375 0.412118478794072 -0.911130265325802
9 0.354405246989958 -0.935091932308709
9.0625 0.295308070278061 -0.955402085301333
9.125 0.235057721869114 -0.971981413590728
9.1875 0.17388947808466 -0.984765175254595
9.25 0.112042199608047 -0.993703449977104
9.3125 0.0497573987385678 -0.998761333986664
9.375 -0.0127217037088959 -0.999919076354398
9.4375 -0.0751511281759576 -0.997172156121104
9.5 -0.137287089095679 -0.990531299951498
9.5625 -0.198886946869996 -0.980022440246825
9.625 -0.259710155372153 -0.96568661387938
9.6875 -0.319519201274188 -0.947579801944404
9.75 -0.378080531531394 -0.925772711155104
9.8125 -0.435165465401959 -0.900350497734448
9.875 -0.490551087440378 -0.871412434881942
9.9375 -0.544021117977491 -0.839071525113905
10 -0.595366757687967 -0.803454058991061



0 0.99804751070025 -0.062459317893133
0.0625 0.99219766722329 -0.124674733486554
0.125 0.982473313082721 -0.186403296913396
0.1875 0.968912421673394 -0.247403959454088
0.25 0.951567947986119 -0.307438514826442
0.3125 0.930507621819553 -0.366272529376093
0.375 0.905813683296791 -0.423676257534905
0.4375 0.877582561719441 -0.479425538972493
0.5 0.845924499013267 -0.533302673937527
0.5625 0.810963119235825 -0.585097273370595
0.625 0.772834945827166 -0.634607080468983
0.6875 0.73168886848872 -0.681638760495162
0.75 0.687685561772201 -0.726008655744804
0.8125 0.640996857648917 -0.767543502726184
0.875 0.5918050745096 -0.806081108750411
0.9375 0.540302305214991 -0.841470985290409
1 0.486689666977327 -0.873574935635395
1.0625 0.431176516001931 -0.902267594546077
1.125 0.373979629955707 -0.927436917803232
1.1875 0.315322361454995 -0.948984619737987
1.25 0.255433765878373 -0.966826557035252
1.3125 0.194547706910313 -0.980893057311564
1.375 0.132901943308489 -0.991129191184255
1.4375 0.0707372004609222 -0.997494986769517
1.5 0.00829623035848422 -0.999965585771754
1.5625 -0.0541771363464299 -0.998531340554691
1.625 -0.116438942493384 -0.993197851815192
1.6875 -0.178246057061393 -0.983985946712653
1.75 -0.239357124590359 -0.970931597539397
1.8125 -0.299533507668978 -0.954085781249636
1.875 -0.358540218808727 -0.93351428039556
1.9375 -0.416146838064978 -0.909297426247876
2 -0.472128412821955 -0.881529785103914
2.0625 -0.526266336227883 -0.85031978900826
2.125 -0.578349200850068 -0.815789312327944
2.1875 -0.6281736242164 -0.778073195835639
2.25 -0.675545043019557 -0.737318720159334
2.3125 -0.720278472882551 -0.693685030654628
2.375 -0.762199230718773 -0.647342515945526
2.4375 -0.801143616865699 -0.598472142560504
2.5 -0.836959554328576 -0.547264748262086
2.5625 -0.869507182637833 -0.49392029682947
2.625 -0.898659404001219 -0.438647097204242
2.6875 -0.924302379617966 -0.381660990048419
2.75 -0.946335974216871 -0.323184504891279
2.8125 -0.964674147082383 -0.263445991156314
2.875 -0.979245288041762 -0.202678726461614
2.9375 -0.989992497101271 -0.141120005675757
3 -0.996873806639431 -0.0790102142864298
3.0625 -0.999862345289686 -0.0165918897002346
3.125 -0.99894644287252 0.0458912258606899
3.1875 -0.994129675967249 0.108195137166834
3.25 -0.985430853945564 0.170076548777466
3.3125 -0.972883945521333 0.231293815104128
3.375 -0.956537946103499 0.291607884031481
3.4375 -0.936456686470061 0.35078323041071
3.5 -0.912718583510246 0.408588775780185
3.5625 -0.885416334008238 0.464798790721912
3.625 -0.854656552664219 0.519193776330084
3.6875 -0.820559355766243 0.571561321349606
3.75 -0.783257892138705 0.621696931637508
3.8125 -0.742897823199027 0.669404828708195
3.875 -0.699636754152939 0.714498714244246
3.9375 -0.653643618549527 0.756802497587357
4 -0.605098018599334 0.796150983368596
4.0625 -0.554189523831568 0.832390516592784
4.125 -0.501116930829155 0.865379582657963
4.1875 -0.446087486932326 0.89498935996689
4.25 -0.389316080942194 0.92110422297262
4.3125 -0.331024403984579 0.943622193693788
4.375 -0.271440083810906 0.962455339936452
4.4375 -0.210795795916707 0.977530118667423
4.5 -0.149328354948786 0.988787663198239
4.5625 -0.087277789949092 0.996184013058324
4.625 -0.0248864070464432 0.999690285659686
4.6875 0.0376021567437201 0.999292789082802
4.75 0.0999438849166693 0.994993075543277
4.8125 0.161895334357618 0.986807935330468
4.875 0.223214585981878 0.974769331241769
4.9375 0.283662189423707 0.958924273768568
5 0.343002098084867 0.939334637521286
5.0625 0.401002590891538 0.916076919610346
5.125 0.457437177160155 0.889241940926594
5.1875 0.512085481038683 0.858934491487662
5.25 0.564734102069602 0.825272921235192
5.3125 0.615177448514131 0.788388677880848
5.375 0.663218540183567 0.748425793605811
5.4375 0.708669777642708 0.705540322618193
5.5 0.751353674781638 0.659899731764696
5.5625 0.791103551895183 0.611682246576157
5.625 0.8277641865636 0.561076155300661
5.6875 0.861192419792799 0.508279073641964
5.75 0.891257715047158 0.453497173074396
5.8125 0.9178426679919 0.396944375747663
5.875 0.940843464954506 0.338841519125432
5.9375 0.96017028831489 0.279415493619757
6 0.97574766724128 0.218898356588879
6.0625 0.987514772402204 0.157526426158199
6.125 0.995425653503728 0.0955393584030628
6.1875 0.999449418724368 0.0331792114969062
6.25 0.999570355346995 -0.0293104995207285
6.3125 0.995787991116661 -0.0916857536652144
6.375 0.988117096084738 -0.153702976903564
6.4375 0.976587624932192 -0.215119993305817
6.5 0.961244599997186 -0.275696970736865
6.5625 0.942147935463821 -0.33519735739581
6.625 0.919372203398523 -0.393388805545684
6.6875 0.893006342547721 -0.450044078826394
6.75 0.863153311033947 -0.504941939607842
6.8125 0.829929684306568 -0.557868012918143
6.875 0.793465199917149 -0.608615623573299
6.9375 0.753902250897094 -0.656986603239375
7 0.711395329715902 -0.702792064275601
7.0625 0.666110424991378 -0.74585313733657
7.125 0.618224373307634 -0.786001669853202
7.1875 0.567924168672011 -0.823080882664932
7.25 0.515406232307479 -0.856945982238978
7.3125 0.460875645631966 -0.887464726085988
7.375 0.404545349419806 -0.914517939164129
7.4375 0.346635312272575 -0.937999979255082
7.5 0.287371671646401 -0.957819149494638
7.5625 0.226985850790043 -0.973898056446998
7.625 0.165713655042053 -0.986173912324476
7.6875 0.103794351015971 -0.994598780172474
7.75 0.0414697322693226 -0.999139761062261
7.8125 -0.021016824895054 -0.999779122560584
7.875 -0.0834213118082614 -0.996514367974446
7.9375 -0.145500040283976 -0.989358246100634
8 -0.207010594215601 -0.978338701441942
8.0625 -0.267712776205977 -0.963498765084487
8.125 -0.327369545533083 -0.944896386662234
8.1875 -0.385747943788975 -0.922604208064921
8.25 -0.442620004577396 -0.896709279773032
8.3125 -0.49776364371767 -0.867312720927528
8.375 -0.550963526478677 -0.834529324461773
8.4375 -0.602011908456375 -0.79848710883758
8.5 -0.650709446811247 -0.759326818135857
8.5625 -0.696865978697831 -0.717201372453985
8.625 -0.740301263846558 -0.672275270756104
8.6875 -0.780845688398154 -0.624723948508186
8.75 -0.818340927242127 -0.574733092606283
8.8125 -0.852640562272938 -0.522497916273179
8.875 -0.883610654149574 -0.468222396754928
8.9375 -0.911130265325802 -0.412118478794072
9 -0.935091932308709 -0.354405246989958
9.0625 -0.955402085301333 -0.295308070278061
9.125 -0.971981413590728 -0.235057721869114
9.1875 -0.984765175254595 -0.17388947808466
9.25 -0.993703449977104 -0.112042199608047
9.3125 -0.998761333986664 -0.0497573987385678
9.375 -0.999919076354398 0.0127217037088959
9.4375 -0.997172156121104 0.0751511281759576
9.5 -0.990531299951498 0.137287089095679
9.5625 -0.980022440246825 0.198886946869996
9.625 -0.96568661387938 0.259710155372153
9.6875 -0.947579801944404 0.319519201274188
9.75 -0.925772711155104 0.378080531531394
9.8125 -0.900350497734448 0.435165465401959
9.875 -0.871412434881942 0.490551087440378
9.9375 -0.839071525113905 0.544021117977491
10 -0.803454058991061 0.595366757687967
